Feature	Gain	Cover	Frequency
rf_011_000	0.222286832125958	0.00734438355246515	0.000773993808049536
ctrx_quarter_normalizado	0.116247328834947	0.0250416713804406	0.00696594427244582
ctrx_quarter_normalizado_lag1	0.0529879938242281	0.00895248855706078	0.00309597523219814
mprestamos_personales_rank	0.0372322599161965	0.0222395047114272	0.0108359133126935
rf_015_002	0.0280567490584499	0.0010878500189603	0.000773993808049536
mcuentas_saldo_rank	0.0265552884755117	0.0112453248668288	0.00773993808049536
rf_018_006	0.026470947422184	0.0236794918543558	0.00464396284829721
cpayroll_trx	0.0263305115145279	0.00724059960176095	0.00386996904024768
ctrx_quarter	0.0261494832334026	0.0144844765914389	0.0162538699690403
rf_003_008	0.0174238477305249	0.0251960727667515	0.00386996904024768
cproductos_tend6	0.016564138304408	0.0029542617453086	0.00386996904024768
rf_009_000	0.0165148623015414	0.000274936430812884	0.000773993808049536
rf_012_003	0.0135453485526435	0.00598159710269197	0.000773993808049536
rf_002_014	0.0132229455420991	0.0103263210179615	0.00464396284829721
rf_005_015	0.0115243691851313	0.0146887671049303	0.00154798761609907
foto_mes	0.0114260098412823	0.00203817113014532	0.00541795665634675
mtarjeta_visa_consumo_rank	0.010851942978417	0.00501306828085709	0.00386996904024768
rf_011_003	0.00770557768082099	0.00593425705500234	0.000773993808049536
rf_017_011	0.00722654583899167	0.00954071899578892	0.00386996904024768
cproductos	0.00673693977931695	0.0458862226866133	0.0208978328173375
cdescubierto_preacordado_tend6	0.00650078005423143	0.00469431195974688	0.00154798761609907
mcuentas_saldo_rank_tend6	0.00646966846333843	0.00445882556867536	0.00928792569659443
rf_013_012	0.00586428218425476	0.000711435947458859	0.000773993808049536
vm_msaldototal_rank	0.00584240855224465	0.00153175400460388	0.00464396284829721
vm_status01	0.00555583113021147	0.0065673998466668	0.00232198142414861
rf_002_006	0.00540113987743775	0.00583872726645941	0.000773993808049536
mrentabilidad_annual_rank_lag1	0.00513412731081219	0.0103516904281337	0.0123839009287926
ccallcenter_transacciones	0.00463143143758507	0.00316061579934035	0.00232198142414861
rf_011_009	0.00453569498754089	0.00578677459873847	0.000773993808049536
mrentabilidad_annual_rank	0.00447723042370696	0.00308717803305258	0.00541795665634675
mcaja_ahorro_rank	0.00442866710129795	0.00626709400568178	0.010061919504644
rf_006_008	0.00436778119971432	0.0153554120841905	0.00309597523219814
mactivos_margen_rank	0.00418009716951026	0.00573919178157351	0.00541795665634675
ctrx_quarter_tend6	0.00415736824061944	0.00996253095917734	0.00851393188854489
vmr_msaldototal_tend6	0.00411483255279266	0.00510022252250109	0.00541795665634675
vm_status05	0.00401886816297031	0.000117500426060429	0.000773993808049536
rf_010_009	0.0039533632606006	0.009964108960767	0.00309597523219814
ctarjeta_visa_transacciones	0.00387163818467417	0.00562618259080671	0.00696594427244582
ccomisiones_otras	0.00385020798134532	0.0181698386117082	0.010061919504644
rf_015_014	0.00376680048583715	0.00688421401197436	0.00386996904024768
kmes_tend6	0.0036461177426638	0.00206997393141374	0.00309597523219814
ccomisiones_mantenimiento_tend6	0.00357180022561922	0.00235012990594625	0.00309597523219814
mactivos_margen_rank_tend6	0.00355840111558273	0.00269911102673523	0.00851393188854489
numero_de_cliente	0.00344082107534509	0.0134206607505364	0.0170278637770898
mprestamos_personales_rank_tend6	0.00339983740685565	0.00361495887242318	0.00386996904024768
rf_010_006	0.00330838311968705	0.00567097355900536	0.000773993808049536
mv_status07_rank	0.0031396448983768	0.000113251960242129	0.000773993808049536
Visa_fechaalta_lag1	0.0031019208227484	0.000729400888633388	0.00154798761609907
mcuentas_saldo_rank_delta1	0.00302288113996872	0.0234253122136838	0.0224458204334365
Visa_mfinanciacion_limite_rank	0.00289419019367257	0.00236020483917251	0.00386996904024768
mprestamos_personales_rank_delta1	0.00286786990825952	0.00654773551916495	0.00232198142414861
ccomisiones_mantenimiento_delta1	0.0026031205913344	0.00458433738742173	0.00232198142414861
rf_009_004	0.00258535708751786	0.00567704279588865	0.000773993808049536
Visa_status	0.00253789477912099	0.00396697461165381	0.000773993808049536
mrentabilidad_annual_rank_tend6	0.00251260816396484	0.00304129460221493	0.00928792569659443
cprestamos_personales_tend6	0.00250182646348079	0.00133741703960104	0.000773993808049536
mtransferencias_recibidas_rank	0.00250142114765282	0.00393893473725303	0.00541795665634675
mttarjeta_visa_debitos_automaticos_rank_tend6	0.00242886431415177	0.00553332326649242	0.00386996904024768
vm_mpagominimo_rank_lag1	0.00232612400009498	0.00484847057658236	0.00386996904024768
mcomisiones_mantenimiento_rank_tend6	0.00231408905861632	0.00674971972264073	0.00464396284829721
mcomisiones_rank_tend6	0.00228344735531158	0.00379387997574247	0.00619195046439629
mcomisiones_mantenimiento_rank	0.00222643249407653	0.0131883303626442	0.00464396284829721
Master_fechaalta_lag1	0.00220126414794934	0.00622788673541575	0.00928792569659443
mcomisiones_rank_lag1	0.00217331962661526	0.00472854245576862	0.00773993808049536
mrentabilidad_annual_rank_delta1	0.00215524682222959	0.00167073952923114	0.00464396284829721
mcomisiones_rank	0.00214654459024199	0.00644747172585306	0.0108359133126935
mcaja_ahorro_rank_lag1	0.0020626606627603	0.00860144389573148	0.00928792569659443
rf_018_010	0.0020523631360231	0.0022915010776537	0.00154798761609907
kmes_lag1	0.00204274566474263	0.00152592753719593	0.00154798761609907
mcomisiones_mantenimiento_rank_lag1	0.0019892675898754	0.00121991661354061	0.00309597523219814
Visa_cconsumos_tend6	0.00197768382792901	0.00329753778342729	0.00928792569659443
mcuenta_corriente_rank_tend6	0.00196444726496228	0.00176238500616877	0.00619195046439629
Visa_mconsumototal_rank_tend6	0.00194985878189031	0.0102207162961924	0.0147058823529412
cliente_edad_lag1	0.00192398263837204	0.0035387292571691	0.00619195046439629
Visa_fechaalta	0.0018394405507715	0.00196983152283951	0.00541795665634675
mcaja_ahorro_rank_tend6	0.00179711086049868	0.0062556838403412	0.00928792569659443
Visa_fechaalta_tend6	0.00173755010305141	0.00584418957965436	0.00773993808049536
mactivos_margen_rank_lag1	0.00173399795577601	0.002988977780281	0.00541795665634675
mcomisiones_mantenimiento_rank_delta1	0.0016998358361604	0.00341200359104608	0.00309597523219814
thomebanking	0.00168532761830167	0.000929685705781846	0.00154798761609907
rf_015_006	0.00165964996351559	0.00557872115837941	0.000773993808049536
Master_Fvencimiento_tend6	0.00162540721158456	0.00235182929227357	0.00464396284829721
vm_mconsumototal_rank_tend6	0.00161826828067276	0.00445360602495573	0.00541795665634675
ctarjeta_visa_transacciones_tend6	0.00158810024143025	0.00101878210322849	0.00309597523219814
Master_fechaalta	0.0015401185102714	0.00747936338074945	0.00696594427244582
mcuenta_corriente_rank_lag1	0.00152751832818154	0.00298958470396933	0.00464396284829721
Visa_mlimitecompra_rank_delta1	0.0015254560744939	0.00585147266391431	0.00851393188854489
vm_Fvencimiento	0.00148465917159647	0.00439473442718785	0.00541795665634675
rf_009_006	0.00148244240931391	0.000486874182777254	0.000773993808049536
cliente_antiguedad	0.00145945569423278	0.00277364125566199	0.00541795665634675
Visa_msaldototal_rank_tend6	0.0014165023311144	0.0116212533993796	0.0123839009287926
vmr_mpagominimo_lag1	0.00139581286402795	0.0185264669709701	0.011609907120743
rf_011_015	0.00139333424764796	0.00596193277519013	0.00232198142414861
mpayroll_sobre_edad_rank_tend6	0.00139008095583895	0.00464126682938695	0.00464396284829721
rf_010_013	0.00138068178314684	0.000761446459377141	0.000773993808049536
mpayroll_rank_tend6	0.00133235310698862	0.00382446892963424	0.00464396284829721
mcuentas_saldo_rank_lag1	0.00129957634196018	0.00161550947359324	0.00464396284829721
Master_mlimitecompra_rank	0.00128659100870763	0.00247066495044832	0.00696594427244582
vm_fechaalta_tend6	0.00126979068859214	0.000878461346486907	0.00232198142414861
mcuenta_corriente_rank	0.00126690753478825	0.00159281052764974	0.00309597523219814
chomebanking_transacciones	0.00124949477283241	0.0012872851429451	0.00309597523219814
mpasivos_margen_rank_lag1	0.0012457127467802	0.00317506058312257	0.00541795665634675
cproductos_delta1	0.00123373192089569	0.00164039334481471	0.00154798761609907
mpasivos_margen_rank_delta1	0.00121758093870764	0.0028547262604227	0.00309597523219814
rf_005_011	0.00121129589105009	0.00126179434803529	0.00232198142414861
rf_020_005	0.00120550014240469	0.000469030626340391	0.000773993808049536
internet_tend6	0.00119556513986216	0.00230060493297863	0.00309597523219814
cliente_antiguedad_lag1	0.00115198389568452	0.00656108784030818	0.00696594427244582
vmr_Master_mlimitecompra_tend6	0.00113448849327796	0.00558321239367304	0.00386996904024768
mrentabilidad_rank_tend6	0.00112311767333893	0.000262312418095648	0.00154798761609907
Visa_mpagominimo_rank	0.00111736080589856	0.00205747130343417	0.00541795665634675
ccomisiones_mantenimiento	0.00111332255671508	0.00642598662728622	0.00309597523219814
ccallcenter_transacciones_tend6	0.00110498944409951	0.00226382535746591	0.00309597523219814
Master_Fvencimiento_lag1	0.00110118039228867	0.00200321232569759	0.00619195046439629
chomebanking_transacciones_tend6	0.00105967692052723	0.000996083157285002	0.00386996904024768
vm_mlimitecompra_rank_tend6	0.00105510243169187	0.00130949854993792	0.00464396284829721
vm_fechaalta_lag1	0.00104378266920782	0.00061129353888463	0.00232198142414861
Master_mconsumototal_rank_tend6	0.00103519884150627	0.00570702482609209	0.00309597523219814
vmr_Visa_mlimitecompra_lag1	0.00102186854115008	0.000742874594514284	0.00309597523219814
vmr_msaldototal	0.000996479366975337	0.00124285832895944	0.00309597523219814
Master_fechaalta_tend6	0.000958356122124809	0.00694830515346187	0.00541795665634675
mcaja_ahorro_rank_delta1	0.000951353184540534	0.00378817489307218	0.00309597523219814
rf_009_015	0.000939026597239043	0.00350668368642535	0.00154798761609907
Master_mlimitecompra_rank_delta1	0.000931000336346704	0.000926044163651874	0.00309597523219814
Visa_msaldototal_rank	0.000914897307912316	0.00226685997590756	0.00619195046439629
vm_status02	0.000899123608807764	0.00326913375481351	0.000773993808049536
Visa_cconsumos	0.000893991559733475	0.00120741398556104	0.00386996904024768
rf_016_002	0.000893974422828151	0.000401540712198244	0.000773993808049536
ctrx_quarter_lag1	0.000890807275412553	0.00502860552727831	0.00541795665634675
Master_mfinanciacion_limite_rank_tend6	0.000884846738880493	0.000667737441899195	0.00232198142414861
ctrx_quarter_delta1	0.00087773405193911	0.00285776087886434	0.00309597523219814
vmr_mconsumototal_lag1	0.000874338174269595	0.0012174889187873	0.00386996904024768
mpasivos_margen_rank_tend6	0.000858532648417565	0.00336842647022408	0.00696594427244582
mrentabilidad_rank_delta1	0.000848369630566112	0.000744452596103938	0.00309597523219814
cdescubierto_preacordado_lag1	0.000835137178188644	0.000386124850514696	0.000773993808049536
cliente_edad	0.000802585296383463	0.0040243895925697	0.00464396284829721
vm_msaldototal_rank_tend6	0.000794777927077247	0.0120893129478186	0.010061919504644
Visa_cconsumos_lag1	0.000780282999435821	0.000718961801194135	0.00232198142414861
mttarjeta_visa_debitos_automaticos_rank_lag1	0.000777252061309547	0.00128097313658648	0.00386996904024768
Visa_Fvencimiento_delta1	0.000775133301484816	0.00058738074556448	0.000773993808049536
Master_mfinanciacion_limite_rank_lag1	0.000764833545353116	0.00087554811278293	0.00309597523219814
cpayroll_trx_tend6	0.000749885185909283	0.00361168148450621	0.00232198142414861
rf_002_001	0.000748985446528665	0.000344368500757684	0.000773993808049536
Master_mpagominimo_rank_lag1	0.000735716254161726	0.000569779958602949	0.000773993808049536
Visa_mfinanciacion_limite_rank_tend6	0.000734317016741827	0.000795434185923546	0.00232198142414861
mpayroll_rank_delta1	0.00070753323930007	0.00813544788783273	0.00696594427244582
rf_017_002	0.000703351662158659	0.00129068391559974	0.000773993808049536
vmr_msaldototal_lag1	0.000685053256271995	0.00110545080592183	0.00232198142414861
ctrx_quarter_normalizado_tend6	0.000678232543466123	0.00865218271607576	0.00851393188854489
mpayroll_sobre_edad_rank	0.000678173661445264	0.00135089074548194	0.00154798761609907
internet_lag1	0.000675353072035957	0.000404332561164555	0.000773993808049536
cprestamos_personales	0.000654816925900769	0.000514792672440372	0.00232198142414861
mttarjeta_visa_debitos_automaticos_rank	0.000653742662446702	0.00115546131784011	0.00464396284829721
vmr_mconsumototal	0.000650738509994212	0.00115436885520112	0.00232198142414861
Master_cconsumos_tend6	0.000637399929030375	0.00159608791556672	0.00386996904024768
mpasivos_margen_rank	0.000635835744955719	0.00117281933532631	0.00541795665634675
ccomisiones_mantenimiento_lag1	0.00062437406768124	0.00148538503481557	0.00154798761609907
Visa_mlimitecompra_rank	0.000623077682614576	0.00170873295212052	0.00309597523219814
mtransferencias_recibidas_rank_tend6	0.000622105204365016	0.00239310010307992	0.00386996904024768
vm_fechaalta	0.000615252483414391	0.00184832540043611	0.00464396284829721
rf_007_003	0.00060918370485677	0.00258015398382281	0.000773993808049536
rf_010_001	0.000603992414281932	0.000228203306811577	0.000773993808049536
rf_019_002	0.000597367507305774	0.0004721866295197	0.000773993808049536
thomebanking_delta1	0.000590564911212153	0.000798711573840521	0.000773993808049536
Visa_mfinanciacion_limite_rank_lag1	0.000577665975769878	0.00326051543843924	0.00464396284829721
cpayroll_trx_lag1	0.000576026324084718	0.0032971736292143	0.00232198142414861
Visa_Fvencimiento_lag1	0.000562585120083038	0.00056577426225998	0.00154798761609907
vmr_mpagominimo	0.000558597600744298	0.00311752421746901	0.00386996904024768
ccomisiones_otras_lag1	0.000545923426071613	0.00595659184673283	0.00464396284829721
cproductos_lag1	0.000543274185978392	0.00713511626472943	0.00541795665634675
chomebanking_transacciones_lag1	0.000537074982380327	0.000953719883839661	0.00309597523219814
vm_cconsumos_tend6	0.000534692374728949	0.00830429405792577	0.00773993808049536
Visa_mlimitecompra_rank_tend6	0.000529710766329223	0.00103747535282902	0.00232198142414861
vm_fultimo_cierre	0.000515488968236393	0.000425332120780727	0.00232198142414861
rf_013_004	0.000499696885465972	0.000843138387826179	0.000773993808049536
vm_mlimitecompra_rank_lag1	0.000495276482388413	0.000235365006333856	0.000773993808049536
vm_mfinanciacion_limite_rank_delta1	0.00048254671340131	0.00189129559756978	0.00309597523219814
vm_mconsumototal_rank	0.000472845022163392	0.00346662672299566	0.00464396284829721
rf_007_007	0.000463212609902616	0.00126179434803529	0.000773993808049536
ctarjeta_visa_transacciones_delta1	0.000460023170719316	0.00053591361679421	0.00154798761609907
vm_mpagominimo_rank_tend6	0.000451203162535795	0.00121190522085467	0.00232198142414861
vm_mfinanciacion_limite_rank_lag1	0.000450860520321687	0.00141425357854345	0.00232198142414861
Master_fultimo_cierre	0.000441356977215014	0.000332351411728776	0.000773993808049536
mpayroll_sobre_edad_rank_lag1	0.000436487320003997	0.00321839493446924	0.00541795665634675
Visa_mfinanciacion_limite_rank_delta1	0.000432341531950384	0.000668708519800521	0.00232198142414861
Visa_mlimitecompra_rank_lag1	0.000427438808842761	0.00396017706634453	0.00386996904024768
vm_mfinanciacion_limite_rank_tend6	0.00041986525435553	0.001169663332147	0.00309597523219814
rf_001_004	0.000411152853111872	0.00144229345294424	0.000773993808049536
rf_011_007	0.000409774700179643	0.000593814136660764	0.000773993808049536
Visa_fultimo_cierre_tend6	0.000400134240771852	0.000965736972868569	0.00232198142414861
chomebanking_transacciones_delta1	0.000398203468966307	0.00113555422086293	0.00232198142414861
mtarjeta_master_consumo_rank_tend6	0.000395110068819592	0.00155955110952933	0.000773993808049536
mtarjeta_visa_consumo_rank_delta1	0.000390349513404312	0.000484689257499271	0.000773993808049536
rf_001_005	0.000386940521933757	0.000657176969722277	0.000773993808049536
Visa_Fvencimiento_tend6	0.00038571919579827	0.000542711162103491	0.00232198142414861
rf_020_012	0.000383049774062488	0.000606073995165003	0.000773993808049536
cdescubierto_preacordado	0.000375310382915175	0.000530815457812249	0.000773993808049536
mrentabilidad_rank_lag1	0.000371591220121713	0.00125232633849736	0.00309597523219814
vmr_mpagominimo_tend6	0.000367475387297054	0.000535792232056544	0.00154798761609907
mcomisiones_rank_delta1	0.000366782930120447	0.00174296344814226	0.00386996904024768
rf_013_009	0.000362654346763711	0.000598790910905059	0.000773993808049536
Master_fultimo_cierre_lag1	0.000357482232860752	0.000532878998352566	0.00309597523219814
vm_mpagominimo_rank	0.000344465616493737	0.00435710515851147	0.00232198142414861
rf_015_003	0.000334224796151048	0.000566138416472977	0.000773993808049536
vm_msaldototal_rank_delta1	0.00032937723905783	0.00310259389473613	0.00232198142414861
vm_cconsumos_delta1	0.000323775030327589	0.0019319594846878	0.00154798761609907
Master_mfinanciacion_limite_rank	0.000318482446809494	0.00128789206663342	0.00386996904024768
rf_003_015	0.000287232076313148	0.00146729870890338	0.000773993808049536
Visa_mpagominimo_rank_lag1	0.000282868246870672	0.00528849025062064	0.00928792569659443
mactivos_margen_rank_delta1	0.000282856691031019	0.00159875837979536	0.00154798761609907
Master_mfinanciacion_limite_rank_delta1	0.000276430051169556	0.00186434818580799	0.00232198142414861
Visa_mconsumototal_rank_delta1	0.000274607738314878	0.000269716887093258	0.00154798761609907
rf_018_009	0.000271542803232457	0.000489059108055237	0.000773993808049536
mcuenta_corriente_rank_delta1	0.000265428913419289	0.000559947794852025	0.000773993808049536
kmes	0.000261381503974217	0.000433586282941997	0.00232198142414861
rf_001_008	0.000258279509693557	0.00208878856575193	0.00154798761609907
Master_msaldototal_rank_tend6	0.000247426685882481	0.00180838982174409	0.00309597523219814
rf_001_002	0.000245096465968033	0.000397049476904612	0.000773993808049536
ccomisiones_otras_tend6	0.000234932901945906	0.00098989253566405	0.00154798761609907
vm_fultimo_cierre_lag1	0.000214195958255721	0.000363547289308869	0.000773993808049536
Visa_msaldototal_rank_delta1	0.000211460507021804	0.000684852689910064	0.00232198142414861
rf_006_015	0.000207804879857324	0.000236457468972847	0.000773993808049536
vmr_Visa_mlimitecompra_delta1	0.000198832657792417	0.000553514403755741	0.000773993808049536
rf_016_012	0.000193899949949567	0.000755619991969186	0.000773993808049536
mttarjeta_visa_debitos_automaticos_rank_delta1	0.000189290396932979	0.00637694719326927	0.00773993808049536
vm_Fvencimiento_lag1	0.000186969401831106	0.000471094166880708	0.00154798761609907
ctrx_quarter_normalizado_delta1	0.000186072486804904	0.000116286578683772	0.000773993808049536
rf_008_010	0.000182907463780226	0.00048129048484463	0.000773993808049536
vmr_mconsumototal_tend6	0.000155392987363379	0.00377615780404328	0.00619195046439629
Master_msaldototal_rank	0.000153757400471306	0.00150687013338241	0.00386996904024768
mtarjeta_master_consumo_rank_lag1	0.000153544546354996	0.000132187979317983	0.000773993808049536
cprestamos_personales_lag1	0.00014691482696524	0.000113858883930457	0.000773993808049536
mprestamos_personales_rank_lag1	0.000146702227730407	0.000122234430829393	0.000773993808049536
Visa_mpagominimo_rank_delta1	0.000143507195148079	0.00790760873523415	0.00464396284829721
vm_mlimitecompra_rank	0.000133344448272825	0.00142663482178536	0.00154798761609907
mpayroll_rank_lag1	0.000129348182241753	0.00210966674063043	0.00232198142414861
Master_Fvencimiento	0.000119628118035366	0.00301580380730513	0.00619195046439629
Visa_fultimo_cierre	0.00011858486836676	0.000321548170076526	0.00154798761609907
mpayroll_rank	0.000117254640213774	0.00536047140005642	0.00773993808049536
vm_mpagominimo_rank_delta1	0.000115599555199481	0.00161902963098554	0.00309597523219814
Master_mconsumototal_rank	0.000115077914503683	0.000484689257499271	0.00154798761609907
vm_mlimitecompra_rank_delta1	0.000114192117554542	0.000405425023803547	0.00154798761609907
Visa_mpagominimo_rank_tend6	0.000107983415369573	0.00345715871345773	0.00309597523219814
Master_status	9.23301223008853e-05	0.00279403389158983	0.000773993808049536
ccallcenter_transacciones_lag1	8.87926626095022e-05	0.00101501917636086	0.00154798761609907
rf_013_008	8.26986076205763e-05	0.00117027025583533	0.000773993808049536
mtransferencias_recibidas_rank_lag1	8.19587352437092e-05	0.000146268608887208	0.000773993808049536
Visa_cconsumos_delta1	7.93704212418884e-05	0.00097423390450517	0.000773993808049536
Visa_fultimo_cierre_lag1	7.80747955696041e-05	0.000116772117634435	0.000773993808049536
mrentabilidad_rank	7.56340488389293e-05	0.000112159497603137	0.000773993808049536
mtarjeta_visa_consumo_rank_lag1	6.5948395267957e-05	0.000230509616827226	0.00154798761609907
Master_mlimitecompra_rank_tend6	5.9884570291299e-05	0.000870935492751632	0.00154798761609907
rf_014_012	5.02951262531848e-05	0.000240463165315816	0.00154798761609907
Visa_mconsumototal_rank	4.91053452648485e-05	0.0011962465896958	0.000773993808049536
ctarjeta_master_transacciones_delta1	4.1880576566968e-05	0.00309567496468918	0.00154798761609907
Master_fultimo_cierre_tend6	4.11405231210274e-05	0.000558612562737702	0.000773993808049536
Master_mpagominimo_rank_delta1	4.10090106410653e-05	0.000239977626365153	0.000773993808049536
ctarjeta_master_transacciones_tend6	3.71722909396015e-05	0.00456030320936391	0.00386996904024768
vmr_mconsumototal_delta1	3.57185865088795e-05	0.000869600260637309	0.00154798761609907
vm_mconsumototal_rank_delta1	3.49421665969504e-05	0.000226018381533594	0.000773993808049536
rf_015_009	3.49046933462502e-05	0.000905772912461697	0.000773993808049536
Visa_msaldototal_rank_lag1	3.37742937743493e-05	0.00104536536077729	0.00154798761609907
vmr_msaldototal_delta1	3.22842465675793e-05	0.00267374161656309	0.00154798761609907
rf_008_013	1.88540064584594e-05	0.00676161542693197	0.00309597523219814
mpayroll_sobre_edad_rank_delta1	1.40367843481716e-05	0.000885016122320857	0.00232198142414861
Master_mpagominimo_rank_tend6	1.34380453136139e-05	0.000184383416514248	0.000773993808049536
ctarjeta_visa_transacciones_lag1	9.17683392832946e-06	0.00179139595847088	0.00309597523219814
vmr_Master_mlimitecompra_lag1	8.17629925336798e-06	0.000429216432386031	0.000773993808049536
thomebanking_tend6	6.43916078789527e-06	0.00139313263418961	0.000773993808049536
vm_cconsumos	6.22839982298246e-06	0.0031714190409926	0.00232198142414861
mtarjeta_master_consumo_rank_delta1	4.80673004090119e-06	0.000295935990429056	0.000773993808049536
vmr_Visa_mlimitecompra	3.90064983474092e-06	0.000604617378313014	0.00154798761609907
mtarjeta_master_consumo_rank	3.61103639028193e-06	0.000163505241635742	0.000773993808049536
ctarjeta_master_transacciones_lag1	2.68316577854996e-06	0.000144447837822222	0.000773993808049536
Master_cconsumos_delta1	1.88561394836092e-06	0.000742389055563621	0.00154798761609907
Master_mlimitecompra_rank_lag1	1.73527107375109e-06	0.000892784745531464	0.00154798761609907
vm_msaldototal_rank_lag1	1.69502569699122e-06	0.000156222157375798	0.000773993808049536
rf_020_009	2.25563074176937e-07	0.00110654326856082	0.00309597523219814
rf_012_006	7.5027723139897e-08	0.000181834337023268	0.000773993808049536
rf_019_015	7.43052352369982e-08	0.000325553866419495	0.00154798761609907
mtarjeta_visa_consumo_rank_tend6	1.74190802799598e-08	0.00120377244343107	0.00309597523219814
rf_003_014	1.41407527110572e-08	0.00057487811758491	0.00154798761609907
vm_status02_tend6	6.23341189751068e-09	0.000678176529338448	0.000773993808049536
rf_001_012	3.67871313341834e-09	0.000597577063528402	0.000773993808049536
rf_007_012	3.06340025285635e-09	0.000108396570735499	0.000773993808049536
rf_009_014	2.62794175444644e-09	0.000271416273420578	0.000773993808049536
rf_013_013	1.26100246938144e-09	0.0002816125913845	0.00154798761609907
rf_002_009	7.57765433949487e-10	0.00224100502678476	0.00154798761609907
rf_004_007	3.51936710537735e-10	0.00171370972636481	0.00154798761609907
vm_mfinanciacion_limite_rank	1.7192234142742e-10	0.00048214017800829	0.000773993808049536
vm_Fvencimiento_tend6	1.39255722937013e-10	0.00114405115249953	0.00154798761609907
ccomisiones_otras_delta1	1.77381246905097e-11	0.000833791763025918	0.00154798761609907
rf_016_009	1.67822662191871e-11	0.00017807141015563	0.000773993808049536
ctarjeta_master_transacciones	1.2444601010965e-11	0.00040760994908153	0.000773993808049536
Visa_Fvencimiento	1.1760267464952e-11	0.000109246263899159	0.000773993808049536
vm_cconsumos_lag1	2.94260863351858e-12	0.000372529759896134	0.000773993808049536
Visa_mconsumototal_rank_lag1	1.51026688944601e-12	0.000107546877571839	0.000773993808049536
