Feature	Gain	Cover	Frequency
ctrx_quarter_normalizado	0.13660651062362	0.00279009765627284	0.00289440203562341
ctrx_quarter	0.0270690491373383	0.00412402480994264	0.00610687022900763
rf_006_000	0.0251503096585763	6.55631937914653e-05	0.000127226463104326
PC15	0.0194739674531759	0.00308787709590232	0.00559796437659033
rf_015_001	0.0139087788287284	0.000393456024640693	0.00022264631043257
mprestamos_personales_rank	0.0132529340324039	0.0133675951438635	0.00241730279898219
cpayroll_trx	0.012104428788069	0.00323978913510931	0.000636132315521629
PC3	0.0108023502745292	0.00316800012807387	0.00512086513994911
mcuentas_saldo_rank_tend6	0.0105634961035286	0.00558006354930242	0.00722010178117048
rf_002_003	0.0105270321166577	0.0010431421462033	0.000254452926208651
mcuentas_saldo_rank	0.00960341240542193	0.00876480858954042	0.0061704834605598
PC4	0.00814788875136701	0.00295838676858985	0.00518447837150127
ccomisiones_mantenimiento_tend6	0.00760657818482036	0.00357995790812214	0.00203562340966921
PC2	0.00722165781110715	0.00370206400367699	0.00524809160305344
Master_fechaalta	0.00650059776150552	0.00317931529658871	0.0039440203562341
PC8	0.00626055776092248	0.0052903491181874	0.00508905852417303
rf_008_003	0.00611567095619101	0.000419880045049194	0.000127226463104326
mrentabilidad_annual_rank_lag1	0.00596199352753841	0.00478985741893957	0.00486641221374046
mactivos_margen_rank	0.00572484541773217	0.00636731598696222	0.00442111959287532
mrentabilidad_annual_rank_tend6	0.00570899514668749	0.00582451181622295	0.00722010178117048
PC58	0.00557223974361206	0.00461658326391927	0.00639312977099237
PC47	0.00542516578822842	0.00528562760197063	0.00585241730279898
PC9	0.00521107973396827	0.00273532257802318	0.00461195928753181
mrentabilidad_annual_rank_delta1	0.00515556220411163	0.007535177533045	0.00722010178117048
Master_mfinanciacion_limite_rank_tend6	0.00507648929609908	0.00477340897407278	0.00715648854961832
cliente_edad_lag1	0.00503388084984726	0.00553350720335102	0.00591603053435115
mcomisiones_mantenimiento_rank_tend6	0.00501449935619962	0.00890946267009791	0.00601145038167939
PC19	0.00483736407034397	0.0056102592925492	0.007029262086514
cproductos_delta1	0.00482529959078388	0.00408967303439807	0.000826972010178117
numero_de_cliente	0.00481686427420033	0.00718740492286912	0.00896946564885496
mcaja_ahorro_rank	0.00480705777552653	0.00340355437607444	0.00540712468193384
mrentabilidad_annual_rank	0.00470869042158704	0.00442551009078877	0.00435750636132316
Visa_mconsumototal_rank_tend6	0.00470703696516818	0.00385364663477583	0.00473918575063613
cliente_edad	0.0045498627937234	0.00358432256555508	0.00562977099236641
mcomisiones_rank_tend6	0.00446209738486088	0.00677756633498326	0.00620229007633588
mtarjeta_visa_consumo_rank	0.00437239003976556	0.00318232389064312	0.00235368956743003
PC43	0.00435660318360485	0.00189345427603265	0.00486641221374046
PC57	0.0043110746446188	0.00676706370646852	0.00664758269720102
mcuentas_saldo_rank_delta1	0.0042895496337782	0.00499404652490944	0.00597964376590331
PC11	0.00426642752160639	0.00300177530656791	0.00454834605597964
rf_004_011	0.00422876593050615	0.0010910490653981	0.000349872773536896
internet_tend6	0.00412953168327309	0.0118159182504384	0.00499363867684478
PC61	0.00408211766385626	0.00447057311998324	0.00690203562340967
Visa_mfinanciacion_limite_rank_tend6	0.00405331328919272	0.0045511573235062	0.00620229007633588
cproductos	0.00403735063096649	0.00618235882437299	0.0039440203562341
Visa_mfinanciacion_limite_rank_delta1	0.0040260707988035	0.00572987835688754	0.00639312977099237
Master_mlimitecompra_rank_tend6	0.00399192970656338	0.00554907722659609	0.00652035623409669
PC62	0.00398059495866896	0.00404010260425713	0.00626590330788804
mcuenta_corriente_rank_lag1	0.00394799353825706	0.0092949854494674	0.00416666666666667
PC51	0.00390540751944618	0.00470006625879391	0.00674300254452926
PC13	0.00388790649262466	0.00225880080877816	0.00438931297709924
PC33	0.00388152695109583	0.0024338921985284	0.00486641221374046
Master_Fvencimiento_lag1	0.0038512468361066	0.00338924708391061	0.00426208651399491
mcuenta_corriente_rank_tend6	0.00378356014744067	0.00751629695831306	0.00588422391857506
Master_Fvencimiento	0.00377878863337662	0.00388998583923954	0.00448473282442748
Master_mlimitecompra_rank_delta1	0.00374253362470753	0.00351237983473584	0.00677480916030534
PC55	0.00372756618949855	0.00428311794590722	0.00553435114503817
mactivos_margen_rank_tend6	0.00370975379477388	0.0042989350252334	0.00527989821882952
mcomisiones_mantenimiento_rank	0.00370764100457913	0.00405956513331347	0.00302162849872774
mpasivos_margen_rank_lag1	0.00369296500585535	0.00267288876125911	0.00559796437659033
mpasivos_margen_rank_tend6	0.0036717498353702	0.00371791402381398	0.00540712468193384
Visa_mlimitecompra_rank_delta1	0.00361132609124622	0.00532678714508356	0.00607506361323155
PC39	0.00353495253144081	0.00290332620331313	0.00407124681933842
PC12	0.00343196619561348	0.00483606239624228	0.00575699745547074
PC6	0.00343015240308865	0.00417642265967851	0.00521628498727735
PC63	0.00334723439743931	0.00358981270069086	0.00629770992366412
mcaja_ahorro_rank_tend6	0.00333920558353254	0.00392027491478363	0.00512086513994911
PC59	0.00331558551799082	0.00392044510897284	0.00547073791348601
PC40	0.00330104281018743	0.0047611055812335	0.0058206106870229
ctrx_quarter_tend6	0.00326675923176337	0.00317188714375	0.00378498727735369
PC64	0.0032594450054258	0.00379888253679644	0.00604325699745547
mtransferencias_recibidas_rank_tend6	0.00320596908752182	0.00299568674670233	0.00378498727735369
mprestamos_personales_rank_tend6	0.00320449246248462	0.00525170405696665	0.0018765903307888
rf_013_012	0.00319739770514613	0.000530072547359402	0.000286259541984733
PC41	0.00317663081582297	0.00509227053262365	0.00499363867684478
PC53	0.00311207283408607	0.00401813108344375	0.00553435114503817
cliente_antiguedad	0.00310638231324552	0.00542114060752705	0.00435750636132316
PC28	0.00309706812704834	0.00229726469553942	0.00448473282442748
PC52	0.00306703670014883	0.0041715419295428	0.00569338422391857
PC45	0.0030419888237107	0.00314883955645001	0.00537531806615776
PC37	0.00303214772794278	0.00311257172374305	0.00562977099236641
PC56	0.00303107176396016	0.00233100706608392	0.00464376590330789
ccallcenter_transacciones_tend6	0.00302281899263761	0.00612683708774486	0.00197201017811705
Visa_mlimitecompra_rank_tend6	0.00302254726025623	0.00526752113629283	0.00597964376590331
rf_015_007	0.00297585729529619	0.000443910366538496	0.000159033078880407
PC32	0.00296502607149213	0.00265620424058148	0.00438931297709924
mrentabilidad_rank_tend6	0.00295548067379727	0.00660321611347635	0.00550254452926209
mcaja_ahorro_rank_lag1	0.00293780743489912	0.0029493554962915	0.00442111959287532
vm_Fvencimiento	0.00291791237192561	0.00312641235442035	0.00429389312977099
mcuenta_corriente_rank	0.00291280007684825	0.0079945096891799	0.00365776081424936
mactivos_margen_rank_lag1	0.00291007507536286	0.0053539084126543	0.00413486005089059
PC7	0.00290463491431448	0.00173773757317657	0.0041030534351145
PC42	0.00290045802754542	0.00301072422683923	0.00559796437659033
PC44	0.00288871407571761	0.00309262057265964	0.00562977099236641
PC18	0.00288144411846625	0.00231835230459595	0.00512086513994911
PC24	0.00288109157787062	0.00400628886195587	0.00470737913486005
chomebanking_transacciones_tend6	0.00287146071503705	0.00360704074474693	0.00442111959287532
PC48	0.00284349032730192	0.00284290726614389	0.00502544529262087
PC46	0.00282081098481052	0.0030758591900901	0.00569338422391857
chomebanking_transacciones_lag1	0.00280360322742659	0.0025824607454377	0.00426208651399491
Visa_fechaalta_lag1	0.00279385445467808	0.00310465494887726	0.00314885496183206
Visa_cconsumos_tend6	0.00279012963697746	0.00201113532266806	0.0041030534351145
mcomisiones_rank_lag1	0.00276962776083183	0.00341165781553485	0.0044529262086514
mpayroll_rank	0.0027607074466935	0.000332828462336292	0.000636132315521629
PC17	0.00275820898581948	0.00456783086391356	0.0049618320610687
PC35	0.00273272834689008	0.003006024671163	0.00467557251908397
PC27	0.0027024132689657	0.00279837678005759	0.00527989821882952
cdescubierto_preacordado_tend6	0.00268516555939182	0.00340313712580412	0.000699745547073791
PC21	0.00268400843743055	0.00395969957519366	0.00553435114503817
PC49	0.00268173225760973	0.00321287649267372	0.00505725190839695
rf_014_015	0.00266969143787652	0.000352538047473737	0.000381679389312977
mcuentas_saldo_rank_lag1	0.00266206866298844	0.0035909546487991	0.00489821882951654
Master_fechaalta_lag1	0.00264594565000948	0.00220705079498831	0.00375318066157761
PC26	0.0026425500619277	0.00275246277991708	0.00467557251908397
PC34	0.00263743070857139	0.00293564662885746	0.00610687022900763
mactivos_margen_rank_delta1	0.00263053241108946	0.00284907817803651	0.00454834605597964
PC29	0.00262017482182987	0.00218625965322912	0.00426208651399491
mcomisiones_mantenimiento_rank_delta1	0.00261156983612819	0.00727379768936573	0.00407124681933842
PC22	0.00260663022384304	0.00286807953574144	0.00454834605597964
PC31	0.00260115695990053	0.0024010227594705	0.00461195928753181
Visa_mfinanciacion_limite_rank	0.00258163161199774	0.00202147873726387	0.00244910941475827
rf_013_009	0.00258008269886231	0.000399983795317133	0.000318066157760814
PC60	0.00256427810478992	0.00324865021321846	0.00537531806615776
mttarjeta_visa_debitos_automaticos_rank_tend6	0.00254883402532052	0.00382108464328552	0.00270356234096692
vm_mlimitecompra_rank_delta1	0.0025095708649472	0.00384835963464007	0.00458015267175573
vm_mfinanciacion_limite_rank_tend6	0.0024876549804178	0.00386149203788485	0.00521628498727735
PC1	0.00247659935278018	0.00517675273209301	0.00766539440203562
PC25	0.00246853997201189	0.00343235562499674	0.00508905852417303
foto_mes	0.00246193156434963	0.00409677177912864	0.00219465648854962
vm_fechaalta	0.00245146763578692	0.00410024154453445	0.00283078880407125
PC23	0.0024462058359854	0.00274422208707828	0.00461195928753181
ccomisiones_otras	0.00242578503315052	0.00335212828025761	0.00260814249363868
rf_012_014	0.00240946803241141	0.00210282057943556	0.000763358778625954
PC30	0.00240626386106651	0.00263660445814675	0.00438931297709924
PC38	0.00240030792338636	0.00261278276179261	0.00502544529262087
PC10	0.00239037398981989	0.00310951920860756	0.00438931297709924
ctrx_quarter_normalizado_tend6	0.00237379864686755	0.00302103470062422	0.00429389312977099
ccomisiones_otras_tend6	0.00237323453781097	0.00540773918766061	0.00461195928753181
vm_mlimitecompra_rank_tend6	0.00236421208900046	0.00385101686004579	0.00572519083969466
vmr_msaldototal_tend6	0.00236049625004682	0.00254582507367665	0.00206743002544529
mcomisiones_rank	0.00234524036949894	0.00286452192817345	0.00295801526717557
cliente_antiguedad_lag1	0.00232464890396463	0.00413937522778228	0.00400763358778626
chomebanking_transacciones_delta1	0.00228180992362719	0.00255343989110998	0.00295801526717557
Visa_Fvencimiento_lag1	0.00227449307116042	0.00232451223621829	0.00375318066157761
PC50	0.00226595947855779	0.00333453788728257	0.00626590330788804
mtransferencias_recibidas_rank_lag1	0.00226065668166677	0.0027538462939713	0.00384860050890585
mrentabilidad_rank	0.00224916600665083	0.00239157972703696	0.00283078880407125
Visa_mpagominimo_rank_tend6	0.00224853123226945	0.00453299595647704	0.00298982188295165
ctrx_quarter_delta1	0.00224487155130288	0.00177744223047852	0.00353053435114504
PC14	0.00223733275478802	0.00389557479680777	0.00508905852417303
vm_mfinanciacion_limite_rank_delta1	0.00223184246281653	0.00486949731921917	0.00426208651399491
Visa_fechaalta	0.0022304614522344	0.00280128106154442	0.00346692111959288
ctarjeta_visa_transacciones_tend6	0.00221115305563536	0.00174089989101478	0.00203562340966921
PC20	0.00220429052813838	0.00236540276270957	0.00375318066157761
mcuenta_corriente_rank_delta1	0.00219618324952247	0.0093761131763688	0.00407124681933842
Visa_msaldototal_rank_tend6	0.00218501626097695	0.00269632065801861	0.00295801526717557
PC16	0.00213262859980584	0.00623888525573096	0.00512086513994911
chomebanking_transacciones	0.00212591985176055	0.00213972526781826	0.00448473282442748
Master_mfinanciacion_limite_rank_lag1	0.00212004798352774	0.00100924056173987	0.00213104325699746
mpasivos_margen_rank	0.0021052081756041	0.00289997173074517	0.00594783715012723
vmr_mconsumototal_lag1	0.00209664557073263	0.00149967982355408	0.00232188295165394
mrentabilidad_rank_lag1	0.00208736564148361	0.0054996385596984	0.00362595419847328
mprestamos_personales_rank_delta1	0.00208402403990956	0.00685787603174943	0.00117684478371501
mrentabilidad_rank_delta1	0.0020531960435804	0.0023715297535211	0.00416666666666667
mcomisiones_rank_delta1	0.00203987645733149	0.00357955712825723	0.00451653944020356
vm_Fvencimiento_lag1	0.00203184854219894	0.00323031316186496	0.00346692111959288
Master_mfinanciacion_limite_rank_delta1	0.00202776406462732	0.0028524985322261	0.0049618320610687
Visa_Fvencimiento	0.00201412063435545	0.00364983085799519	0.00375318066157761
mpasivos_margen_rank_delta1	0.00200956720556482	0.00239688868771326	0.00378498727735369
PC54	0.00200937288198474	0.00186290716413718	0.0041030534351145
Visa_mconsumototal_rank_delta1	0.00199823553158195	0.00110067876242626	0.00279898218829517
Visa_msaldototal_rank	0.00199600605169605	0.00244439482704315	0.00270356234096692
rf_013_015	0.00198868421307205	0.00130647647799091	0.000286259541984733
vm_mconsumototal_rank_tend6	0.00197407039267835	0.00220482729025832	0.00244910941475827
ctrx_quarter_normalizado_delta1	0.00196663599987424	0.00154598911342437	0.00200381679389313
thomebanking_tend6	0.00193972932466729	0.00416447063548792	0.00267175572519084
Master_mlimitecompra_rank	0.00193459457722815	0.00180915325102278	0.00279898218829517
PC36	0.00192863317677638	0.00267761027747588	0.00493002544529262
vmr_mpagominimo_tend6	0.00191763373068229	0.00187947639197696	0.00200381679389313
mttarjeta_visa_debitos_automaticos_rank_delta1	0.00182800972583965	0.00274692872370021	0.00197201017811705
Visa_mpagominimo_rank	0.00179743408381856	0.00103792102768917	0.00216284987277354
kmes_lag1	0.00179437051385054	0.000823141451042387	0.00155852417302799
PC5	0.00177838537888927	0.00219544464931128	0.00426208651399491
rf_018_014	0.00176351835613799	0.000384479653693695	0.000127226463104326
ctarjeta_visa_transacciones	0.00173959499510396	0.00279645523276007	0.00232188295165394
Master_fultimo_cierre_tend6	0.00173851629582049	0.00836660908814241	0.00292620865139949
cproductos_tend6	0.0017354662189788	0.00516480070790242	0.00174936386768448
Visa_mpagominimo_rank_lag1	0.00173463544459932	0.00141545017030097	0.00263994910941476
Visa_mfinanciacion_limite_rank_lag1	0.00172012298144293	0.00273151242423895	0.00206743002544529
Master_mfinanciacion_limite_rank	0.00168298062943933	0.00157224293964367	0.00197201017811705
vm_fechaalta_lag1	0.00168076581897541	0.00264692591220201	0.00248091603053435
vmr_Master_mlimitecompra_tend6	0.00167493217969727	0.00332372781120023	0.00200381679389313
Master_mlimitecompra_rank_lag1	0.00166660294795942	0.00217059080755161	0.00244910941475827
mv_status07_rank_tend6	0.00165808219077626	0.0118842429822032	0.00298982188295165
vm_fultimo_cierre_tend6	0.00165634187260092	0.00169438197600933	0.00178117048346056
vm_fultimo_cierre	0.00165181705441837	0.0019120438736024	0.00298982188295165
vmr_mpagominimo_lag1	0.0016499234368648	0.00271319184329086	0.00213104325699746
Visa_status	0.00162488356919242	0.000457267865323845	9.54198473282443e-05
Visa_mconsumototal_rank	0.00162298420556872	0.0012482261442003	0.00267175572519084
vm_cconsumos_tend6	0.00160757925068827	0.00141570271651722	0.00200381679389313
mtransferencias_recibidas_rank	0.00160628981170912	0.00321936583240422	0.0030852417302799
mcaja_ahorro_rank_delta1	0.00157051731880055	0.00195837512401323	0.00321246819338422
Master_mconsumototal_rank_tend6	0.00154737862191751	0.00169831840290168	0.00111323155216285
mpayroll_sobre_edad_rank_tend6	0.00152132903388127	0.00144193458219597	0.000858778625954198
cpayroll_trx_tend6	0.00151881142345363	0.00243745529623152	0.00133587786259542
vm_status02	0.00151560530876863	0.00188933667468082	0.000286259541984733
rf_009_013	0.00150015680935085	0.0019770141327992	0.000826972010178117
Visa_mlimitecompra_rank_lag1	0.0014899494417983	0.00150291351314906	0.00209923664122137
mpayroll_rank_delta1	0.00148304108269584	0.00273409278775276	0.00104961832061069
mttarjeta_visa_debitos_automaticos_rank_lag1	0.00146242180345989	0.000889368951185282	0.00184478371501272
vmr_Master_mlimitecompra_lag1	0.00146027920856871	0.00204272556023933	0.00155852417302799
cdescubierto_preacordado_delta1	0.00144060531246928	0.00936508898501615	0.000922391857506361
vm_msaldototal_rank_tend6	0.00142119718408613	0.00169353100506328	0.00289440203562341
internet_lag1	0.00141370471080329	0.00367366902475474	0.00104961832061069
ccomisiones_otras_lag1	0.00140805183924278	0.00227655590580727	0.00254452926208651
ccallcenter_transacciones	0.00140135850019392	0.00445273018079196	0.000795165394402036
mcomisiones_mantenimiento_rank_lag1	0.00138792216438954	0.00299108601345855	0.00270356234096692
ctrx_quarter_lag1	0.00138731905300504	0.00247573800853331	0.0039440203562341
Master_fultimo_cierre	0.00135032025592501	0.00248099755799338	0.00276717557251908
vmr_mpagominimo	0.00134334606654621	0.00211577180822086	0.00216284987277354
vmr_msaldototal	0.00133993239639727	0.00144408122503406	0.00241730279898219
Visa_cconsumos	0.0013331842789778	0.000779006254685865	0.00178117048346056
vmr_Visa_mlimitecompra	0.0013248890648543	0.00273756804329371	0.00155852417302799
vmr_Master_mlimitecompra	0.00132302769831414	0.002308892801757	0.00165394402035623
mtarjeta_visa_consumo_rank_tend6	0.00130349768263456	0.00131847791339772	0.00203562340966921
Visa_fultimo_cierre	0.0012941872201279	0.00119750827581598	0.00229007633587786
kmes	0.00124639937848787	0.00132484098002009	0.00149491094147583
Master_msaldototal_rank_tend6	0.00124115898273657	0.0015714962812652	0.00139949109414758
rf_007_005	0.00122492998804736	0.000247330587866816	6.36132315521629e-05
rf_008_002	0.0012207585709876	0.00106996145634158	0.000477099236641221
vm_msaldototal_rank_lag1	0.00119384426227832	0.00187497448116562	0.00143129770992366
Visa_msaldototal_rank_delta1	0.00119295089460186	0.00109048907161425	0.0018765903307888
vm_mpagominimo_rank_lag1	0.00117557765876399	0.00166699718195207	0.00149491094147583
Visa_mconsumototal_rank_lag1	0.00116764944148134	0.00145366700098113	0.00248091603053435
Visa_mpagominimo_rank_delta1	0.00115456111482559	0.000947745558084013	0.00168575063613232
vm_mpagominimo_rank	0.00114919079498476	0.00136093861853783	0.0017175572519084
vm_msaldototal_rank	0.00114528931599849	0.00140187855624533	0.00225826972010178
Master_Fvencimiento_tend6	0.00114038947983943	0.00129522170096256	0.00178117048346056
Visa_Fvencimiento_tend6	0.00113686694707953	0.000851767015640335	0.00143129770992366
vmr_Visa_mlimitecompra_lag1	0.00111135683579281	0.00189384956576243	0.00184478371501272
vmr_mconsumototal	0.00111041173817847	0.000937687630515267	0.00143129770992366
Visa_cconsumos_delta1	0.00110356973883384	0.0012582621112285	0.0017175572519084
ctarjeta_visa_transacciones_delta1	0.00109238710118318	0.00439827902051531	0.00139949109414758
vm_mlimitecompra_rank_lag1	0.00108559891088638	0.00209613359484018	0.00174936386768448
Visa_msaldototal_rank_lag1	0.00108166049228365	0.00176656078263941	0.00165394402035623
vm_cconsumos_lag1	0.00108049701041627	0.000512240588438394	0.00108142493638677
cliente_edad_tend6	0.00107683902209898	0.0015148435767991	0.00197201017811705
Visa_fultimo_cierre_lag1	0.00106911684340527	0.00126808945312155	0.0022264631043257
Master_fultimo_cierre_lag1	0.00105684396116139	0.0012053372085196	0.0017175572519084
Visa_mlimitecompra_rank	0.00104954914980936	0.00173452584412214	0.00235368956743003
rf_009_007	0.00103714921221789	0.000556562449389532	0.00044529262086514
vm_status01	0.00103032108338499	0.00461983342391965	0.000604325699745547
vm_mpagominimo_rank_tend6	0.00102180186964797	0.00169779684006378	0.0022264631043257
ctrx_quarter_normalizado_lag1	0.00101428621643366	0.00120856540797944	0.00232188295165394
mtarjeta_visa_consumo_rank_delta1	0.00100950603363525	0.000946998899705547	0.00108142493638677
cprestamos_personales	0.00100901763429764	0.00544521485009743	0.000954198473282443
Visa_cconsumos_lag1	0.00100303626191241	0.0011182856258067	0.00200381679389313
mtransferencias_recibidas_rank_delta1	0.000997014626054892	0.00145550070611648	0.00209923664122137
vm_Fvencimiento_tend6	0.000996924070737229	0.00138056585164824	0.00181297709923664
Master_fechaalta_tend6	0.000972716849440762	0.000669708644402789	0.00104961832061069
vm_fultimo_cierre_lag1	0.000962313036716029	0.00225824630512945	0.00225826972010178
mttarjeta_visa_debitos_automaticos_rank	0.00095669813337737	0.000817986214149891	0.00133587786259542
rf_018_008	0.00092180362869395	0.000954190976733417	0.000254452926208651
vmr_msaldototal_lag1	0.000917269919819756	0.000689555482918628	0.00143129770992366
rf_011_012	0.000877743665871684	0.000137895724205345	6.36132315521629e-05
vm_fechaalta_tend6	0.000864791978359072	0.00151646865679929	0.00108142493638677
vm_mfinanciacion_limite_rank_lag1	0.00086337797128137	0.00158863099302397	0.0013676844783715
thomebanking_delta1	0.00086078496828351	0.00210183235511112	0.00089058524173028
mpayroll_sobre_edad_rank	0.000860605071754143	0.00111486527161711	0.00066793893129771
vmr_Visa_mlimitecompra_tend6	0.000851209575642853	0.00321782310443106	0.00127226463104326
rf_006_003	0.000840557361176063	0.000138883948529785	6.36132315521629e-05
thomebanking	0.000839843555142772	0.000600082750610848	0.000795165394402036
vmr_mconsumototal_tend6	0.000831587782682073	0.00127628622487926	0.00165394402035623
ccallcenter_transacciones_delta1	0.000818958040374126	0.00114788843445881	0.000477099236641221
mtarjeta_master_consumo_rank	0.000804383806937361	0.00157905619734717	0.000508905852417303
vm_mpagominimo_rank_delta1	0.000793988664683439	0.000657421721968917	0.00120865139949109
mv_status07_rank_lag1	0.000792517552209313	0.0025794686217887	0.00146310432569975
kmes_tend6	0.000790873492195639	0.000836427578070971	0.00066793893129771
Visa_fultimo_cierre_tend6	0.000782830315472709	0.00373911143557322	0.00190839694656489
mtarjeta_visa_consumo_rank_lag1	0.00075643892870789	0.000457048259918414	0.00127226463104326
vm_cconsumos_delta1	0.000751754160835103	0.00104187941512207	0.000604325699745547
ctarjeta_master_transacciones_tend6	0.000750674023527355	0.000655060963860532	0.00044529262086514
rf_013_001	0.000739884643269969	0.000895243395780564	0.000318066157760814
Master_mconsumototal_rank_lag1	0.000736986669176011	0.000366268875448318	0.000604325699745547
Master_fultimo_cierre_delta1	0.000731603405942323	0.000302489975575981	0.000763358778625954
cdescubierto_preacordado	0.000728820525843616	0.00119230362770726	0.000349872773536896
mv_status07_rank	0.000725662247679671	0.00762944315332632	0.00225826972010178
Visa_fechaalta_tend6	0.000696911152526785	0.00414420654670176	0.00133587786259542
cproductos_lag1	0.000680134650002453	0.00130111810609839	0.00181297709923664
vm_msaldototal_rank_delta1	0.000675619815994688	0.00102576586849856	0.00120865139949109
vm_mfinanciacion_limite_rank	0.000670606961508008	0.000483598553435038	0.000986005089058524
Master_mpagominimo_rank	0.000668135285817424	0.000517741703844444	0.000604325699745547
ccomisiones_mantenimiento	0.00066667495367558	0.00255969864516476	0.000572519083969466
Master_mpagominimo_rank_delta1	0.000664721987584466	0.000543204950604184	0.000604325699745547
rf_017_008	0.000627830233025693	0.000327557932605945	9.54198473282443e-05
ctarjeta_visa_transacciones_lag1	0.000621341449220663	0.000650026509941023	0.00152671755725191
Master_cconsumos_tend6	0.000617069550912689	0.00146124887760364	0.00117684478371501
rf_002_014	0.000616623781967371	0.000357753675852726	0.000159033078880407
vm_fultimo_cierre_delta1	0.000586268306461616	0.000222295571647666	0.00066793893129771
vm_mlimitecompra_rank	0.000575890602869197	0.00121016303730395	0.00101781170483461
vm_mconsumototal_rank_lag1	0.000567255350547621	0.000940108780110145	0.00152671755725191
Master_mpagominimo_rank_tend6	0.000552063366545579	0.00180173607845434	0.00101781170483461
Master_msaldototal_rank	0.000545849703789753	0.0010589317748538	0.000604325699745547
rf_008_015	0.000544736288584795	0.000362129313555941	0.000318066157760814
ccomisiones_otras_delta1	0.000521691604616494	0.00114826176364805	0.00117684478371501
mv_status07_rank_delta1	0.000498807006728978	0.00370384280746098	0.00155852417302799
vmr_msaldototal_delta1	0.000497644939608446	0.000781213289010448	0.00104961832061069
vm_mconsumototal_rank_delta1	0.000497072642462425	0.000587115051420139	0.00104961832061069
mtarjeta_master_consumo_rank_delta1	0.000496093627989292	0.00114955743554009	0.000413486005089059
mpayroll_rank_tend6	0.000495793289449781	0.00109053848283047	0.000826972010178117
Master_msaldototal_rank_delta1	0.000464829209114389	0.000510275120059785	0.000572519083969466
mprestamos_personales_rank_lag1	0.000456321516652766	0.00182946126089002	0.000763358778625954
vmr_mconsumototal_delta1	0.00044482892383572	0.000851459568072732	0.000699745547073791
mtarjeta_master_consumo_rank_tend6	0.000428479904808757	0.00163018033573154	0.000636132315521629
vm_mconsumototal_rank	0.000416713107250116	0.000524533001007401	0.00159033078880407
cprestamos_personales_delta1	0.000412536093411044	0.0026309496189569	0.000349872773536896
rf_009_012	0.000411906408146744	0.00048265974032682	0.000477099236641221
rf_018_003	0.000407944566005598	0.0011699368171641	0.000413486005089059
rf_001_003	0.000406284311044404	0.0004142801072107	9.54198473282443e-05
Master_msaldototal_rank_lag1	0.000378878148045233	0.00020123541326682	0.00044529262086514
vm_cconsumos	0.000374336781256895	0.00106662345417902	0.00089058524173028
vmr_mpagominimo_delta1	0.000363665124256966	0.00203804796510365	0.00108142493638677
ccomisiones_mantenimiento_delta1	0.000358698069008896	0.00196273978144618	0.000381679389312977
ctarjeta_master_transacciones	0.00032422718491148	0.00110126620688578	0.000190839694656489
internet	0.000318659746797155	0.000159609208667349	0.000318066157760814
rf_008_005	0.00030943732401628	0.000679497555349882	0.000349872773536896
rf_006_001	0.000295440956986923	9.28052443351976e-05	0.000127226463104326
rf_011_008	0.000292870006493102	0.00137619021394502	0.00022264631043257
vm_status01_tend6	0.000270094568642951	0.00280656806168018	0.000572519083969466
vm_Fvencimiento_delta1	0.000269564834435051	6.7874540683628e-05	0.000127226463104326
Master_status	0.000261630423590492	0.00472879613595944	0.000477099236641221
Master_mpagominimo_rank_lag1	0.000260908892631009	0.000251947791516005	0.000477099236641221
vm_fechaalta_delta1	0.00025865401924836	5.14864873033296e-05	0.000159033078880407
rf_019_012	0.000255560473043304	8.64257073074231e-05	6.36132315521629e-05
vm_status05_tend6	0.000248537794738281	0.000838645592665825	0.000254452926208651
rf_017_006	0.000243534876284946	5.46103741955875e-05	3.18066157760814e-05
Visa_fultimo_cierre_delta1	0.000241458371497892	0.000440435110997548	0.000699745547073791
cprestamos_personales_tend6	0.000235684491142041	0.00226635523472499	0.000572519083969466
ccomisiones_mantenimiento_lag1	0.000234192296328438	0.00104873110377152	0.000318066157760814
rf_003_000	0.000232934276112301	0.00344460960661979	0.000795165394402036
rf_016_004	0.000228697662681939	0.000184858340156794	6.36132315521629e-05
vmr_Master_mlimitecompra_delta1	0.00022598846059114	0.000442395089241021	0.000286259541984733
rf_001_015	0.000225651681524843	9.57205060922959e-05	0.00022264631043257
rf_014_006	0.000225580711997941	0.000219314428268939	0.000159033078880407
rf_007_000	0.000224440502115867	6.67984741970154e-05	0.000159033078880407
rf_001_000	0.000216575798892831	0.000397436372614132	0.000318066157760814
rf_012_004	0.000205655943127239	0.000505246156275412	0.000349872773536896
cpayroll_trx_lag1	0.000203086073974012	0.00088321999983321	0.00022264631043257
rf_013_006	0.000200170842621676	4.47446013565937e-05	6.36132315521629e-05
rf_012_002	0.000200129864012025	0.000308271087873956	9.54198473282443e-05
rf_014_000	0.000199390022966271	0.000467150108568246	0.000604325699745547
rf_012_000	0.000195622867182617	8.31041755502772e-05	0.000127226463104326
rf_015_014	0.000190440907219703	0.000301792728413737	6.36132315521629e-05
rf_010_005	0.000189621621964255	8.60359077127829e-05	9.54198473282443e-05
Master_cconsumos_lag1	0.000185459429703948	0.000179203500966942	0.000254452926208651
mpayroll_sobre_edad_rank_lag1	0.000184806435382205	0.00025649362340843	0.000699745547073791
rf_016_012	0.000183059564978103	7.33152646031844e-05	9.54198473282443e-05
Master_mconsumototal_rank	0.000180536430346577	0.000201707564888497	0.00044529262086514
rf_011_000	0.000175209185736993	0.00047225593424452	0.000381679389312977
mpayroll_sobre_edad_rank_delta1	0.000173136180217377	0.000842790644693338	0.000508905852417303
vm_status06_tend6	0.000169200851876423	0.00393905117694799	0.000763358778625954
rf_019_015	0.000165128958967211	1.55535528396601e-05	6.36132315521629e-05
rf_020_009	0.000164716591416364	8.86162712265987e-05	9.54198473282443e-05
rf_002_011	0.000164144359442143	4.61775266270319e-05	0.000127226463104326
Master_mconsumototal_rank_delta1	0.000156682383191174	0.000579253177905704	0.000477099236641221
rf_011_002	0.000154719631347283	0.000140229031638051	0.000254452926208651
rf_006_009	0.000150058602863419	0.000317406672739891	0.000127226463104326
rf_010_000	0.000139496106089753	2.83126268952091e-05	9.54198473282443e-05
cprestamos_personales_lag1	0.000137526995572097	0.00160873037775605	0.000318066157760814
rf_020_015	0.00013669885953199	3.90568213559273e-05	3.18066157760814e-05
rf_012_011	0.000136368959606291	0.00113399290243016	0.000159033078880407
rf_013_004	0.000133451086876606	6.1879313115358e-05	3.18066157760814e-05
rf_001_001	0.000127209155420397	0.000165791100830235	0.00022264631043257
rf_016_000	0.000121888602120947	0.00179649299939967	0.000636132315521629
rf_001_004	0.000118934558350774	0.00113435525134912	0.000159033078880407
rf_014_011	0.000118922292187117	6.10283421693124e-05	3.18066157760814e-05
internet_delta1	0.000117393279189386	0.00125172336028179	0.000508905852417303
ctarjeta_master_tend6	0.000115767424837156	0.00207450795254035	0.000286259541984733
rf_003_002	0.000114174455649664	0.000112070128526644	0.000127226463104326
rf_015_006	0.000113677115918076	3.73274287881571e-05	3.18066157760814e-05
rf_013_013	0.00011281610353757	7.62744474413689e-05	3.18066157760814e-05
cdescubierto_preacordado_lag1	0.000108268041804824	0.000525713380061594	0.000127226463104326
rf_005_000	0.000104638190697116	0.00038976665382945	0.000318066157760814
rf_010_009	0.000104420351443049	0.000122089625149439	3.18066157760814e-05
rf_013_007	0.000103437638646126	4.83461300056643e-05	3.18066157760814e-05
rf_007_001	0.000100852283992332	0.000203925579483352	6.36132315521629e-05
rf_016_003	9.93211568277718e-05	0.000749661482385129	0.000318066157760814
rf_014_004	9.78387269744657e-05	0.00132867858448	0.000127226463104326
rf_011_003	9.77651569085134e-05	0.000176480393939596	6.36132315521629e-05
Master_cconsumos	9.48545163112022e-05	0.000325762658416546	0.00022264631043257
rf_005_001	9.37264896136989e-05	0.000305613862468239	0.00022264631043257
rf_015_010	9.18838508913297e-05	0.000120486505689792	3.18066157760814e-05
rf_016_002	9.10299142225235e-05	0.000170199679344265	6.36132315521629e-05
rf_016_014	8.93245217179364e-05	0.000201641683266868	3.18066157760814e-05
thomebanking_lag1	8.88480293180226e-05	0.000160685275153961	0.000413486005089059
rf_003_003	8.82849976504593e-05	3.71846852746269e-05	6.36132315521629e-05
rf_010_011	8.72287872358886e-05	4.15493427075707e-05	9.54198473282443e-05
mtarjeta_master_consumo_rank_lag1	8.51153645281473e-05	9.65824573086131e-05	0.000254452926208651
rf_003_001	7.69440708896768e-05	0.000151494788936668	0.000159033078880407
rf_015_000	7.61973127198617e-05	9.12460459566365e-05	0.000127226463104326
rf_005_006	7.46883573232885e-05	0.000151066558396078	9.54198473282443e-05
rf_011_007	7.4029787395728e-05	7.45505450087345e-05	3.18066157760814e-05
rf_014_009	7.00473305015605e-05	4.25046262211962e-05	3.18066157760814e-05
rf_004_002	6.9910772459184e-05	0.000694309939946212	0.000349872773536896
rf_019_006	6.97015973593491e-05	8.799039582112e-05	9.54198473282443e-05
rf_005_013	6.8355356758026e-05	2.47001179758669e-05	3.18066157760814e-05
rf_004_000	6.66285181408025e-05	0.000174767471777233	0.000127226463104326
rf_008_006	6.65435749289659e-05	0.000321754859767427	0.000190839694656489
rf_015_002	6.28323062048098e-05	0.000141156864475998	6.36132315521629e-05
rf_020_006	6.23575601650186e-05	0.000134255764610324	6.36132315521629e-05
entrenamiento	6.21776409204753e-05	0.000128710728123188	0.000159033078880407
rf_001_013	6.19690447425067e-05	0.000136786716907918	3.18066157760814e-05
rf_019_008	6.17688992726955e-05	1.94240981103839e-05	3.18066157760814e-05
rf_014_012	6.05409535308693e-05	1.77166660831568e-05	3.18066157760814e-05
rf_012_006	6.03915889521404e-05	7.46438773060427e-05	3.18066157760814e-05
Master_fechaalta_delta1	5.99050445451387e-05	0.000203744405023871	0.000318066157760814
rf_002_004	5.86399670958407e-05	8.03481277121165e-05	6.36132315521629e-05
rf_012_001	5.52625059442729e-05	0.000247330587866816	0.000190839694656489
rf_014_002	5.3489088257239e-05	4.47610717620011e-05	0.000127226463104326
rf_006_005	5.31774177553818e-05	0.000121249634473665	3.18066157760814e-05
rf_019_004	5.27326743755277e-05	2.78898864897541e-05	3.18066157760814e-05
rf_013_000	5.24296395722272e-05	0.000952845893625151	0.000159033078880407
mpayroll_rank_lag1	5.14703997182723e-05	0.000212160782187019	0.000508905852417303
rf_020_000	5.12939749567288e-05	0.000382662418963753	0.000159033078880407
rf_001_007	5.0923146189406e-05	4.94990583841778e-05	6.36132315521629e-05
rf_005_012	5.07038864335031e-05	2.81259623005926e-05	6.36132315521629e-05
rf_009_009	5.04056112552589e-05	0.00105657650688055	0.000159033078880407
vmr_Visa_mlimitecompra_delta1	4.9747575146037e-05	0.000126849572312159	0.000127226463104326
rf_019_001	4.91025702461175e-05	0.000191545324752172	9.54198473282443e-05
rf_009_002	4.90759935581942e-05	0.000229734704756646	9.54198473282443e-05
rf_009_000	4.7573611048287e-05	0.000345669888418878	0.000159033078880407
rf_016_013	4.62368121175833e-05	0.000865278238209486	9.54198473282443e-05
rf_009_001	4.57291743970127e-05	0.000302890755440893	0.000127226463104326
Visa_status_tend6	4.56803631861674e-05	0.00176632470682857	0.000286259541984733
rf_011_011	4.33719247669154e-05	7.96893114958231e-05	3.18066157760814e-05
Master_Fvencimiento_delta1	4.32351626306304e-05	6.78910110890353e-05	0.000190839694656489
rf_015_013	4.20255121769843e-05	5.49782132496846e-05	3.18066157760814e-05
Master_status_tend6	4.18750949663867e-05	0.00118839465149059	0.000190839694656489
rf_017_014	4.14719077636961e-05	0.000147728556233524	3.18066157760814e-05
rf_017_001	4.13387146761548e-05	3.29847318957565e-05	6.36132315521629e-05
rf_013_002	3.98691818929424e-05	0.000211507456105862	0.000159033078880407
cliente_edad_delta1	3.76509143564146e-05	0.000198556227320561	9.54198473282443e-05
vm_status01_lag1	3.60910297456922e-05	0.00067151489886246	9.54198473282443e-05
rf_011_009	3.5676174518771e-05	0.000189826912454673	6.36132315521629e-05
rf_012_008	3.45484110006194e-05	3.07886778414451e-05	3.18066157760814e-05
rf_013_008	3.39929044480706e-05	0.00020070287015865	6.36132315521629e-05
rf_001_012	3.36447974524854e-05	0.000271564044356141	6.36132315521629e-05
rf_004_009	3.30349231681856e-05	0.000247972933677702	0.000127226463104326
vm_status04_tend6	3.21177191555179e-05	0.000482950717489016	0.00022264631043257
rf_020_013	3.18321461001178e-05	0.00066774317602418	9.54198473282443e-05
rf_016_015	3.04152292295064e-05	1.43512132449247e-05	6.36132315521629e-05
rf_009_003	2.99878308238444e-05	0.00013415694217788	0.000159033078880407
rf_018_001	2.91512019164254e-05	5.85303306825332e-05	9.54198473282443e-05
rf_018_007	2.87346230576791e-05	5.49342921685984e-05	3.18066157760814e-05
rf_014_008	2.87302201364157e-05	7.07952925758621e-05	0.000159033078880407
ctarjeta_master_transacciones_delta1	2.77455033429543e-05	7.20964546030416e-05	3.18066157760814e-05
rf_012_015	2.65976817493682e-05	4.75994716271985e-05	0.000190839694656489
rf_012_003	2.59870388947926e-05	9.63903025788609e-05	3.18066157760814e-05
rf_009_008	2.54992892134706e-05	1.84413639210796e-05	6.36132315521629e-05
Master_status_lag1	2.52583914504488e-05	0.00174578611128562	0.000190839694656489
rf_017_005	2.50580412879624e-05	2.04178125699598e-05	3.18066157760814e-05
rf_005_005	2.49242567329667e-05	8.68100167669276e-05	6.36132315521629e-05
rf_001_010	2.46216081056787e-05	0.000163446813127258	3.18066157760814e-05
rf_002_010	2.40501492675819e-05	0.000361563829636956	9.54198473282443e-05
rf_001_002	2.33929383693671e-05	0.000151791256234	9.54198473282443e-05
rf_017_007	2.30380377027107e-05	0.000131823634745174	0.000159033078880407
rf_007_003	2.18120291207438e-05	0.000462560355594735	0.000190839694656489
vm_status01_delta1	2.15105212295683e-05	0.000259590059625009	3.18066157760814e-05
rf_002_015	2.1401141949294e-05	2.86749758141704e-05	3.18066157760814e-05
rf_003_006	2.07583206125508e-05	5.56919308173358e-05	3.18066157760814e-05
rf_008_000	2.06290595796328e-05	0.000671295293457029	0.000286259541984733
rf_003_014	2.03562506089334e-05	6.52447659535902e-05	0.000190839694656489
ccallcenter_transacciones_lag1	1.99433315224728e-05	0.000208059651240593	0.000127226463104326
rf_007_014	1.97816088541389e-05	0.00066555810224014	9.54198473282443e-05
rf_020_012	1.84252317322573e-05	1.39888643259633e-05	3.18066157760814e-05
rf_006_012	1.7875355411555e-05	8.65574705506818e-05	3.18066157760814e-05
rf_018_004	1.61231067224595e-05	0.000184117171913463	6.36132315521629e-05
rf_011_004	1.56798922031871e-05	5.87554262231001e-05	6.36132315521629e-05
rf_018_000	1.53741082053264e-05	4.81484851407763e-06	3.18066157760814e-05
rf_018_015	1.50952029019102e-05	8.36696594692624e-06	3.18066157760814e-05
rf_002_009	1.4976244266751e-05	1.92923348671252e-05	3.18066157760814e-05
rf_007_015	1.37355677183043e-05	4.0972878518314e-05	3.18066157760814e-05
rf_002_000	1.33880043458625e-05	0.000116385374743366	6.36132315521629e-05
vm_status03_tend6	1.32912267096764e-05	9.60883451463931e-05	3.18066157760814e-05
rf_017_000	1.31736658811354e-05	8.75786356859366e-05	3.18066157760814e-05
rf_008_009	1.15904871356212e-05	8.96648870375324e-05	6.36132315521629e-05
rf_007_011	1.13568128972557e-05	1.54931613531666e-05	3.18066157760814e-05
Visa_fechaalta_delta1	1.07909331962465e-05	1.50594406774401e-05	6.36132315521629e-05
rf_003_008	9.91614792695082e-06	0.000268648782599043	6.36132315521629e-05
cpayroll_trx_delta1	9.29362117957278e-06	0.000263109236247043	0.000127226463104326
rf_015_015	9.14966347355438e-06	0.000129298172582716	3.18066157760814e-05
rf_016_001	8.86720275046514e-06	1.53174770288217e-05	6.36132315521629e-05
rf_004_005	8.70392557071483e-06	5.23374582493752e-05	3.18066157760814e-05
rf_004_003	8.10883312561683e-06	1.90233182454721e-05	3.18066157760814e-05
Visa_Fvencimiento_delta1	7.96498295723175e-06	3.91501536532356e-05	0.000127226463104326
rf_020_003	7.95691973958521e-06	4.761045189747e-05	6.36132315521629e-05
rf_006_004	7.91292114755628e-06	4.84943636543304e-05	6.36132315521629e-05
rf_010_006	7.80681631125413e-06	0.000135617318123997	0.000127226463104326
rf_005_007	7.49687895388296e-06	7.09325459542566e-06	3.18066157760814e-05
rf_009_005	7.2757545235166e-06	0.000120601798527643	6.36132315521629e-05
vm_status02_tend6	7.13624256539196e-06	0.000460787041945879	9.54198473282443e-05
rf_002_002	7.08868942603121e-06	6.10283421693124e-05	9.54198473282443e-05
rf_005_002	7.02899375408196e-06	5.55821281146202e-05	6.36132315521629e-05
rf_018_002	6.21798489439844e-06	3.13267110847514e-05	3.18066157760814e-05
rf_002_013	6.20601914055161e-06	2.35526797324892e-05	3.18066157760814e-05
rf_019_000	5.85739846015831e-06	0.000117637125554323	9.54198473282443e-05
rf_011_013	5.43254554001378e-06	5.20135402763643e-05	6.36132315521629e-05
rf_010_001	4.84116350962754e-06	5.3803324330628e-05	6.36132315521629e-05
vm_status04	3.77945730305906e-06	0.000181707002588857	6.36132315521629e-05
rf_012_012	3.7342436307556e-06	0.000388097652748173	6.36132315521629e-05
rf_005_014	3.51064287237065e-06	0.000133355382448057	6.36132315521629e-05
rf_018_005	3.43939533693172e-06	1.4988068920675e-05	3.18066157760814e-05
vm_status04_lag1	3.43359288837562e-06	0.000128282497582597	3.18066157760814e-05
rf_006_006	3.38903620571183e-06	3.3616097436371e-05	3.18066157760814e-05
rf_005_003	3.13457062035896e-06	4.92739628436109e-05	3.18066157760814e-05
rf_004_007	3.01098865085071e-06	0.000196568798401409	6.36132315521629e-05
rf_007_007	2.88087898374226e-06	7.62524869008258e-05	3.18066157760814e-05
rf_020_004	2.76942149828326e-06	0.000260523382598091	6.36132315521629e-05
rf_015_004	2.5768195480448e-06	3.79313436530928e-05	3.18066157760814e-05
rf_019_002	2.31864453879651e-06	1.05465495958303e-05	6.36132315521629e-05
rf_016_005	2.29836402650149e-06	3.43682459499726e-05	9.54198473282443e-05
Master_cconsumos_delta1	2.03410139777109e-06	2.79338075708404e-05	6.36132315521629e-05
vm_status06_delta1	1.9507063115084e-06	0.000800829541850584	0.000127226463104326
kmes_delta1	1.73624860666878e-06	2.17793660836328e-05	3.18066157760814e-05
rf_014_001	1.65142594652888e-06	0.000154541813937025	3.18066157760814e-05
rf_004_001	1.59220365668588e-06	0.000300134707602732	9.54198473282443e-05
rf_007_004	1.47384776575409e-06	0.000623959348316348	6.36132315521629e-05
rf_015_009	1.35221184506479e-06	4.34269689240069e-06	3.18066157760814e-05
rf_004_008	1.27897962609804e-06	7.45176041979198e-05	6.36132315521629e-05
rf_015_003	1.11342778865815e-06	2.29597451378252e-05	3.18066157760814e-05
rf_008_012	1.02202519565115e-06	5.66142735201466e-05	3.18066157760814e-05
ctarjeta_visa_tend6	9.45564626196137e-07	8.36696594692624e-06	3.18066157760814e-05
rf_001_008	9.36438527961921e-07	0.000118268491094938	0.000318066157760814
vm_status02_lag1	7.48174452662954e-07	4.16701256805578e-05	3.18066157760814e-05
rf_019_005	7.23122680975629e-07	7.72462013604017e-06	3.18066157760814e-05
vm_status06	6.05407370624488e-07	9.96459527143774e-06	3.18066157760814e-05
rf_008_011	5.83064193472662e-07	3.78435014909203e-05	6.36132315521629e-05
rf_018_011	5.22022035705287e-07	4.27132513563557e-05	3.18066157760814e-05
rf_016_007	4.46212867400681e-07	5.25076524385843e-05	3.18066157760814e-05
rf_019_003	4.45546896260435e-07	4.95210189247209e-05	6.36132315521629e-05
rf_008_010	4.24284690540822e-07	1.93637066238903e-05	3.18066157760814e-05
rf_002_005	3.57442509857365e-07	0.000108885850147892	3.18066157760814e-05
rf_001_005	2.77206659297476e-07	0.000152905753666563	3.18066157760814e-05
rf_001_006	1.18913314222107e-07	1.84852850021658e-05	3.18066157760814e-05
rf_007_013	4.37648426537078e-08	3.31713964903729e-05	9.54198473282443e-05
rf_010_007	4.30570108598642e-08	3.33031597336316e-05	6.36132315521629e-05
rf_002_001	3.610691898966e-08	6.28620473046624e-06	3.18066157760814e-05
rf_007_012	1.58439138976567e-08	5.73170108175262e-05	9.54198473282443e-05
rf_019_007	1.41784258170319e-08	1.35386732448295e-05	3.18066157760814e-05
rf_009_010	9.02070287539506e-09	1.09802702715567e-05	3.18066157760814e-05
vm_status05	8.94967773901824e-09	1.44225850016898e-05	3.18066157760814e-05
rf_009_014	8.28753888389292e-09	5.27601986548302e-06	3.18066157760814e-05
rf_004_012	6.10221326631212e-09	1.85621468940667e-05	3.18066157760814e-05
rf_003_015	4.48630231155117e-09	2.2493083651284e-05	6.36132315521629e-05
rf_008_014	2.28318699655553e-09	9.26185797405811e-06	3.18066157760814e-05
rf_017_015	2.02776466733621e-09	4.03854340587857e-05	9.54198473282443e-05
rf_005_011	1.64804888894337e-09	1.32806368934479e-05	3.18066157760814e-05
rf_003_013	7.12268414556927e-10	9.9755755417093e-06	3.18066157760814e-05
rf_006_008	5.06913654358054e-10	3.88811370315824e-05	3.18066157760814e-05
rf_020_002	4.54437338196373e-10	7.27991919004212e-06	3.18066157760814e-05
rf_017_002	1.8307074840371e-10	5.68778000066639e-06	3.18066157760814e-05
rf_009_011	1.41400105223025e-10	1.11120335148154e-05	3.18066157760814e-05
rf_014_007	1.09800583195642e-11	1.58884510829426e-05	3.18066157760814e-05
rf_014_005	8.53405902391594e-13	1.18641820284171e-05	3.18066157760814e-05
rf_014_014	1.02567691302941e-13	4.56779243296761e-06	3.18066157760814e-05
rf_006_014	1.5723750440635e-14	5.99522756826998e-06	3.18066157760814e-05
