Feature	Gain	Cover	Frequency
rf_006_000	0.120360356099563	0.000968000478925343	0.000778782873623223
cdescubierto_preacordado_tend6	0.0258014396090554	0.00702802481242764	0.000693202338060232
PC15	0.022293098937346	0.00333066603860489	0.00501501938399131
rf_015_001	0.0187289976801282	0.000471956046410389	0.000547715427603146
cpayroll_trx	0.0143057868581316	0.00206232052329989	0.000385112410033462
mprestamos_personales_rank	0.0135875418082763	0.0095893719241856	0.00156612380080275
PC1	0.0133651515981702	0.00467898783815664	0.00690634921993342
mrentabilidad_annual_rank	0.0111356526750418	0.00452111707844671	0.00467269724173934
PC2	0.0104389183911034	0.00468208009726498	0.0090886528767897
rf_015_002	0.00985185310073741	0.000306874700688743	0.000171161071125983
PC47	0.0090361267534069	0.0047770561808077	0.00635007573877397
foto_mes	0.00860462981024475	0.00639287713419515	0.00265299660245274
internet_tend6	0.00805185030725019	0.0200361007976049	0.00469837140240824
cproductos_tend6	0.00790592124198207	0.00465365630142064	0.00196835231794881
mcaja_ahorro_rank_tend6	0.0076050994178972	0.00321650545461427	0.00481818415219643
mpasivos_margen_rank_tend6	0.00699204373388027	0.00412445129433631	0.0050578096517728
cliente_edad_lag1	0.0064166513734749	0.00828527645774473	0.00569110561493894
rf_010_005	0.00621190789132885	0.000168783467043021	0.000350880195808265
mcomisiones_mantenimiento_rank_tend6	0.0059985827428292	0.00671783296105905	0.0060676599714161
mcuentas_saldo_rank	0.00576445971258984	0.0066309600019525	0.00624737909609838
mrentabilidad_annual_rank_delta1	0.00575708318870082	0.00493642543678755	0.00619603077476059
mcuenta_corriente_rank	0.00564638207362621	0.00928881761370466	0.00576812809694563
mpayroll_rank	0.0056200580101418	0.00145396461527121	0.000667528177391334
mrentabilidad_annual_rank_tend6	0.00548456322385834	0.00771854969752533	0.00695769754127121
Master_mfinanciacion_limite_rank_tend6	0.0054381294814335	0.00745513997827305	0.00632440157810508
Visa_mfinanciacion_limite_rank_tend6	0.00518690173528363	0.00492979738241594	0.0070860683446157
PC58	0.00512980720398845	0.00390040931320195	0.00593073111451531
PC3	0.00509705240415455	0.00226534451297967	0.00554561870448185
numero_de_cliente	0.00506789560544414	0.00819740007617499	0.00771080625422554
rf_012_014	0.00477518443860387	0.00242800749343402	0.000830131194961018
chomebanking_transacciones_tend6	0.00477368345661573	0.00377755682614695	0.00494655495554091
mrentabilidad_annual_rank_lag1	0.00468875581883907	0.00497879172919235	0.00524608683001138
PC19	0.00468579618231922	0.00434808331687675	0.00598207943585311
mactivos_margen_rank_delta1	0.00459845006301003	0.00469523937769269	0.00494655495554091
PC35	0.00455815282293293	0.00336562184137884	0.00436460731371257
mcuentas_saldo_rank_tend6	0.00446589843386845	0.00436875616223892	0.00652979486345626
mactivos_margen_rank_tend6	0.00438156424370461	0.0046169864812874	0.00532310931201808
Visa_Fvencimiento_lag1	0.0043405276552619	0.00335976138566973	0.00367140497565234
mttarjeta_visa_debitos_automaticos_rank_tend6	0.004327231342146	0.00249267397160042	0.00278992545935353
mcuenta_corriente_rank_tend6	0.00423460089533422	0.00642405585179055	0.00599919554296571
PC12	0.00420691416987671	0.00344940254137705	0.00627305325676728
Master_mlimitecompra_rank_tend6	0.0041808904153756	0.00614384876241719	0.00592217306095902
PC33	0.00415329986935488	0.00205585254799827	0.00446730395638816
PC57	0.0041249139674485	0.00409328663246412	0.00541724790113737
Visa_mlimitecompra_rank_tend6	0.00412368232095162	0.00389883975744241	0.00593928916807161
mcuenta_corriente_rank_lag1	0.00410732904004385	0.00931237891018849	0.00492943884842831
PC8	0.00405032684063395	0.0043616541176454	0.0040394012785732
PC21	0.00403935912230552	0.00639633406123369	0.00575101198983303
PC23	0.00402326754736876	0.00324886797645418	0.00500646133043501
vm_mfinanciacion_limite_rank_tend6	0.00402014973504546	0.00350470244176453	0.00459567475973265
ccomisiones_mantenimiento	0.00398830510499263	0.0012828275954624	0.000376554356477163
mactivos_margen_rank	0.00395852516416553	0.00540134971722052	0.0040736334927984
vm_mfinanciacion_limite_rank_lag1	0.00394079063392793	0.00111091907262353	0.00136928856900787
mtransferencias_recibidas_rank_tend6	0.0039122271934175	0.0019300975540984	0.00379977577899683
PC42	0.00386968020124363	0.00347228291615823	0.00516050629444839
PC62	0.00384750133845524	0.00419208977709017	0.00518618045511729
PC56	0.00383189813887145	0.00248197834710372	0.005092041865998
PC64	0.00376603650946781	0.00318164179491476	0.00580236031117083
PC28	0.00367429991715144	0.00247832151644605	0.00441595563505036
rf_001_008	0.00366936713343407	0.000390792834425099	0.000427902677814958
Visa_mlimitecompra_rank_delta1	0.0036419854910514	0.00250675155927849	0.00534022541913067
PC52	0.00355161770908281	0.00252108214997451	0.00462134892040154
PC55	0.00351910186019163	0.00303973443241488	0.00445018784927556
Visa_fechaalta_lag1	0.00350998756570753	0.00182106808995649	0.00283271572713502
PC53	0.00346091878385968	0.00295241871802691	0.00516906434800469
Master_Fvencimiento	0.0034563347657731	0.00392003969242532	0.00397949490367911
Visa_cconsumos_tend6	0.00345498266961444	0.00178577963506634	0.0040479593321295
ccomisiones_otras_tend6	0.00342763035131937	0.00483228267908503	0.00470692945596454
Visa_mfinanciacion_limite_rank_delta1	0.00342123753566552	0.00279050225265024	0.00581947641828343
mcomisiones_rank_tend6	0.00338644047255345	0.00472055061171737	0.00576812809694563
ctrx_quarter_tend6	0.00337922355165584	0.00318802777849759	0.00499790327687871
PC41	0.00331071378050014	0.0025492724646387	0.00459567475973265
PC10	0.00330625289026261	0.00320104728256662	0.0050492515982165
mcuentas_saldo_rank_delta1	0.00330618407069992	0.00306982148884022	0.00524608683001138
PC50	0.00329287783109998	0.00347218296434867	0.00523752877645508
PC40	0.00328576068466246	0.00364860337434108	0.00535734152624327
cliente_antiguedad_lag1	0.00325560501473099	0.00547242794779565	0.00368852108276494
PC20	0.0032329988625767	0.00269282981286987	0.00486097441997792
mcomisiones_mantenimiento_rank	0.00319204779097445	0.00336293797911739	0.00318359592294329
PC59	0.00318828861587907	0.00531355923173713	0.00528031904423658
mrentabilidad_rank_tend6	0.00317390368691404	0.00489289330022903	0.00451009422416966
PC38	0.0031558066652049	0.00265473880294441	0.00524608683001138
Visa_fechaalta	0.00315565133985506	0.00296675477483752	0.0029953187447047
PC37	0.00314449801906458	0.00281722842947904	0.00440739758149407
chomebanking_transacciones	0.0031390373969918	0.00181612594149773	0.00359438249364565
PC31	0.00313131636548846	0.00204453925255342	0.00444162979571926
Master_fechaalta_lag1	0.00310995062627594	0.00200864327807077	0.00368852108276494
rf_018_008	0.00310917776111343	0.00167356498786813	0.000273857713801573
PC63	0.00309567779578032	0.00246735883320818	0.00516050629444839
PC51	0.00308781821041991	0.00463514022869919	0.00552850259736925
cliente_edad	0.00308135051041851	0.00506260210238402	0.00489520663420312
Visa_Fvencimiento	0.00305244884442226	0.00210040450536374	0.00335475699406927
PC44	0.0029944053572191	0.00301441695140211	0.00539157374046847
PC32	0.00294880098217192	0.00199136957510724	0.00429614288526218
Visa_mconsumototal_rank_tend6	0.00293114352420451	0.00193161244871208	0.00434749120659997
PC22	0.00292839835320829	0.0023406761615758	0.00445874590283186
mcomisiones_rank_lag1	0.00292005754886319	0.00293484515963469	0.00356015027942045
PC18	0.00289991824200454	0.00286986398944287	0.00557129286515075
Visa_mlimitecompra_rank	0.00289053144230504	0.00138770046989884	0.00250750969199565
cliente_antiguedad	0.00285778789601278	0.00364607881027611	0.00458711670617635
PC43	0.00285525205046053	0.0023968404889413	0.00493799690198461
Visa_status	0.00282786777342165	0.000681313701147689	0.000136928856900787
mcomisiones_rank_delta1	0.00282056347282886	0.00274084728688251	0.00427046872459328
vm_Fvencimiento	0.00281720757059629	0.00243209068102935	0.00359438249364565
Master_mlimitecompra_rank_delta1	0.00277245646781847	0.00306690883063969	0.00557129286515075
PC60	0.00274785357814406	0.00297881536623356	0.00541724790113737
vmr_Visa_mlimitecompra_lag1	0.00274480142460788	0.000927890910970827	0.00119812749788188
PC14	0.00272064228956337	0.00302403965569303	0.00543436400824996
mcaja_ahorro_rank_delta1	0.0027204752855808	0.00196686732604121	0.00344889558318856
mrentabilidad_rank	0.00270804973024713	0.00253065800185471	0.00290118015558541
PC49	0.00267459941084666	0.0036386644162777	0.00469837140240824
PC61	0.00266837636901208	0.00265313098438278	0.00501501938399131
PC29	0.00266635946674875	0.00304880662087971	0.00473260361663343
mcaja_ahorro_rank_lag1	0.00266323701634039	0.0024596328706784	0.00534878347268697
mpasivos_margen_rank_delta1	0.0026620936179194	0.00273227095309794	0.00359438249364565
Master_mfinanciacion_limite_rank_delta1	0.00265680384017029	0.00265000046247234	0.00558840897226335
PC46	0.00264988933172503	0.00195396807649306	0.00520329656222989
PC7	0.00264670711428968	0.00293665288181545	0.00467269724173934
mcuenta_corriente_rank_delta1	0.00263714195529823	0.00463015357045024	0.00426191067103698
vm_mlimitecompra_rank_tend6	0.00263519407565818	0.00271234540368695	0.00445018784927556
mpasivos_margen_rank	0.00262289445784866	0.0036371862227191	0.00729146162996688
PC26	0.00261894604467269	0.00229485059951193	0.00442451368860666
PC25	0.00261513178602185	0.00340610779036624	0.00414209792124879
PC17	0.00261465774879147	0.00426797584587996	0.00534878347268697
mcomisiones_mantenimiento_rank_delta1	0.00259573970502449	0.00481165122001901	0.00482674220575272
PC6	0.00259361750115597	0.00342442161684804	0.00535734152624327
PC39	0.00256351265735588	0.00200078222442338	0.00430470093881848
mcuentas_saldo_rank_lag1	0.00255957966209134	0.00439702612600135	0.00500646133043501
cproductos	0.00253542434947689	0.00671925571259829	0.00265299660245274
PC45	0.00252450064879239	0.00198620956293857	0.00444162979571926
PC9	0.00251763042704283	0.00272195092876061	0.00539157374046847
PC13	0.00251367918508842	0.00154341758046209	0.00436460731371257
Master_fechaalta	0.00250318333111541	0.00196795976808478	0.00292685431625431
mactivos_margen_rank_lag1	0.00248063175949174	0.00556319824660163	0.00418488818903029
mrentabilidad_rank_lag1	0.00247611828041484	0.00486091496815713	0.00362005665431454
mcomisiones_rank	0.00244665154788177	0.00206323414530917	0.00330340867273147
mcomisiones_mantenimiento_rank_lag1	0.00242450948881383	0.00538480847361144	0.00326917645850628
PC30	0.00241046758987781	0.00211176543409284	0.00428758483170588
Master_Fvencimiento_lag1	0.00237674213928198	0.00226380619216063	0.00294397042336691
PC16	0.00237567538411381	0.00535670561678062	0.00433037509948737
mcaja_ahorro_rank	0.00235940831274089	0.00240087994761994	0.00543436400824996
vm_mfinanciacion_limite_rank_delta1	0.00233624184954492	0.00408197802226034	0.00411642376057989
PC48	0.00233608422102808	0.0026210199038138	0.00468125529529564
PC36	0.00232696087797043	0.00214667282270903	0.00464702308107044
PC24	0.00228594527876794	0.00336052976520574	0.00459567475973265
PC11	0.00226049177671126	0.00436456209060485	0.0050492515982165
PC5	0.00225416539108837	0.0031862497295103	0.00387679826100352
ccallcenter_transacciones_tend6	0.00224376118497868	0.00666633279118196	0.0020368167463992
vmr_mpagominimo_tend6	0.00223485493324675	0.00352226741054812	0.00220797781752518
Master_mlimitecompra_rank	0.00219442580029147	0.00117024515683995	0.00237913888865117
Visa_mlimitecompra_rank_lag1	0.00218764957230607	0.00133719200938226	0.00227644224597558
vm_status02	0.00216693538228312	0.000715357443659381	0.00020539328535118
ctrx_quarter_normalizado_tend6	0.00216498974783931	0.00308429810288303	0.00316647981583069
chomebanking_transacciones_delta1	0.00213911998295723	0.00198514445146792	0.00288406404847282
PC34	0.00212974717626923	0.00184748972611553	0.00447586200994446
mrentabilidad_rank_delta1	0.00209010720467488	0.0027428556935559	0.0040479593321295
vm_Fvencimiento_lag1	0.00207265107193647	0.00248769121771903	0.00290118015558541
Master_mfinanciacion_limite_rank	0.00207085749546309	0.00348721165596461	0.00247327747777046
mprestamos_personales_rank_delta1	0.00206027507552886	0.00764605105803149	0.00145486910457086
ctarjeta_visa_transacciones_delta1	0.00205909877419398	0.00183211354578666	0.00149765937235235
Visa_cconsumos_lag1	0.00202660448223665	0.000896042203901949	0.00237913888865117
vmr_Master_mlimitecompra_tend6	0.00201855548588088	0.00357650766557953	0.00180574930037912
thomebanking_tend6	0.00192996255451748	0.00644168172870809	0.00314936370871809
Visa_mfinanciacion_limite_rank	0.00190246697398297	0.00269484446653137	0.00255029995977715
PC54	0.0018986976105905	0.00282285540400801	0.00418488818903029
Visa_msaldototal_rank_tend6	0.00188115424620667	0.00244035310366201	0.00295252847692321
vmr_Master_mlimitecompra	0.00185787886021684	0.00194288357698728	0.00189132983594211
mtransferencias_recibidas_rank_delta1	0.00185007766831709	0.000994629827438628	0.00245616137065786
PC27	0.0018477078905889	0.00187609156112065	0.00418488818903029
Visa_mconsumototal_rank_delta1	0.00181502541830758	0.000850703906909695	0.00271290297734683
mpasivos_margen_rank_lag1	0.00180204887279936	0.00279829693204909	0.00560552507937595
Master_fultimo_cierre_lag1	0.00180047379136393	0.000786902636594817	0.00209672312129329
Visa_mconsumototal_rank_lag1	0.00178855521192528	0.00109568969651495	0.00260164828111494
ctrx_quarter	0.00178056750798245	0.0029763290649707	0.00589649890029012
vm_fultimo_cierre	0.00176782217339329	0.00173599504429558	0.00255029995977715
vm_mconsumototal_rank_tend6	0.00175573103726549	0.00139766753940865	0.0020624909070681
vm_cconsumos_tend6	0.00175276091976657	0.0014506248192595	0.00174584292548503
mpayroll_sobre_edad_rank_tend6	0.00172632951052016	0.00119232123190355	0.00108687280164999
rf_013_012	0.00171345115402716	0.000191962916379375	0.000248183553132676
thomebanking	0.00170963021389565	0.00101564079103158	0.000847247302073616
vm_mlimitecompra_rank_delta1	0.00168963101263923	0.00229860738197916	0.00435604926015627
Master_mlimitecompra_rank_lag1	0.00165423914265232	0.00125531742162735	0.00215662949618739
ctarjeta_visa_transacciones	0.0016510933052283	0.00273237793276911	0.00249039358488305
ccomisiones_otras	0.00164271546757266	0.00222445797588051	0.00274713519157203
mprestamos_personales_rank_tend6	0.00163491384764003	0.00553824465264554	0.00150621742590865
Master_mfinanciacion_limite_rank_lag1	0.00163252525858191	0.00129881598062484	0.0020710489606244
vm_mpagominimo_rank_tend6	0.00162973481502098	0.00316907754010335	0.00245616137065786
Visa_fultimo_cierre_lag1	0.00162037786748292	0.00101580399359563	0.0020111425857303
Visa_msaldototal_rank_lag1	0.00161806870925568	0.00199621411437697	0.002002584532174
Visa_mpagominimo_rank	0.00161352489260328	0.00120320036167562	0.00228500029953187
cliente_edad_tend6	0.001609271312714	0.00185500875716457	0.00196835231794881
ccallcenter_transacciones_delta1	0.00160116276606226	0.00131312236424199	0.000641854016722437
rf_018_003	0.00158765339234237	0.00123028105507896	0.000830131194961018
mv_status07_rank_tend6	0.00157917358290621	0.0214634907255087	0.00568254756138264
vm_msaldototal_rank_tend6	0.00156038305576076	0.00163451740789022	0.00230211640664447
vm_fechaalta	0.00155548541513775	0.0012713581253151	0.0019940264786177
chomebanking_transacciones_lag1	0.00155373821711132	0.00161109666863859	0.00324350229783738
ccomisiones_mantenimiento_tend6	0.00155286109618752	0.00354583183052599	0.00262732244178384
mttarjeta_visa_debitos_automaticos_rank_delta1	0.00154238970243531	0.000711905982735425	0.00150621742590865
PC4	0.00154066687403208	0.00231784654357292	0.00552850259736925
vmr_msaldototal_tend6	0.00153786001025235	0.00147544800733906	0.0020710489606244
Visa_mfinanciacion_limite_rank_lag1	0.00149627097742246	0.00139526479161158	0.00223365197819408
vm_fechaalta_lag1	0.00149350474864848	0.00182894398020061	0.00241337110287636
cprestamos_personales_delta1	0.00147089659968236	0.00460621823555406	0.000462134892040154
cprestamos_personales_tend6	0.00146301209376245	0.0133409428415933	0.00146342715812716
ctrx_quarter_delta1	0.00146027374112425	0.0018356922890931	0.0030209929053736
Master_fultimo_cierre_tend6	0.00144055695841384	0.00583072551188377	0.00234490667442597
ctarjeta_visa_transacciones_tend6	0.00143291166581809	0.000762319176683514	0.00178007513971022
vm_fultimo_cierre_lag1	0.00143140830665062	0.000934256591842339	0.0020368167463992
ctrx_quarter_lag1	0.0014142681254944	0.00264799361754597	0.00493799690198461
rf_007_005	0.00141285189827039	0.000734703584924311	0.000436460731371257
Visa_mpagominimo_rank_lag1	0.00141057227799855	0.00102734764672659	0.002002584532174
vmr_mconsumototal	0.00139775484312752	0.00078772099203561	0.00180574930037912
Visa_fultimo_cierre_tend6	0.00139731425644765	0.00366110828276556	0.00218230365685628
ccomisiones_otras_lag1	0.00139406969429186	0.00331134722791289	0.00290973820914171
cproductos_lag1	0.001386164937433	0.00398461793188485	0.00237058083509487
vmr_msaldototal_lag1	0.00135164547577889	0.00124455386113508	0.00180574930037912
vmr_msaldototal	0.00132848952320286	0.00135109702401413	0.0020453747999555
mttarjeta_visa_debitos_automaticos_rank_lag1	0.00131492645748445	0.000812866680875701	0.00138640467612046
mtarjeta_visa_consumo_rank_tend6	0.00131114170499855	0.0013898923818476	0.0020282586928429
vmr_mpagominimo	0.00130876679809763	0.00150135426698004	0.00231067446020077
Visa_mpagominimo_rank_tend6	0.0013080044849465	0.00368751976756894	0.0030381090124862
vmr_Visa_mlimitecompra	0.00130370170312164	0.00108038848004326	0.00145486910457086
mprestamos_personales_rank_lag1	0.00130304166496516	0.00435068206392537	0.0010355244803122
Visa_cconsumos_delta1	0.00130249556327233	0.000750822375963289	0.00177151708615393
Master_fultimo_cierre	0.00128323177825745	0.000973191726034495	0.00224221003175038
vm_fultimo_cierre_tend6	0.00127486163222795	0.0034976316321115	0.00215662949618739
ctrx_quarter_normalizado_delta1	0.00126157689434597	0.000761824102876774	0.00135217246189527
mtransferencias_recibidas_rank	0.00125899179716658	0.00164010221524953	0.00245616137065786
cproductos_delta1	0.00123439510939837	0.00266656825578084	0.000522041266934249
mv_status07_rank_lag1	0.00123045843785577	0.0114100136572044	0.0040821915463547
vm_mpagominimo_rank_lag1	0.00122655045754715	0.0011820956932612	0.00137784662256416
vm_mpagominimo_rank	0.00121314634669752	0.00184255382464487	0.00211383922840589
Visa_msaldototal_rank	0.00121117672451556	0.00200870730969877	0.00255029995977715
Master_mpagominimo_rank	0.00120607610951894	0.000986065987630253	0.000650412070278736
mtransferencias_recibidas_rank_lag1	0.00119393919902776	0.00223478112371189	0.00273857713801573
mttarjeta_visa_debitos_automaticos_rank	0.00117492462946739	0.000526902991970352	0.00130082414055747
Master_msaldototal_rank_lag1	0.00116137546328907	0.000584840683082067	0.000530599320490548
vm_Fvencimiento_tend6	0.00115716863539492	0.00416154903315424	0.00155756574724645
vmr_mpagominimo_delta1	0.00112853805947866	0.00103141287423114	0.0010526405874248
vmr_Visa_mlimitecompra_tend6	0.00112751583920911	0.00232671414317754	0.00116389528365669
vm_status01	0.00110594338935821	0.00465680244080133	0.000359438249364565
rf_020_013	0.00105406658701758	0.000407427782855646	0.000196835231794881
Visa_msaldototal_rank_delta1	0.00105065708694241	0.000805037643042313	0.00187421372882952
ctarjeta_visa_transacciones_lag1	0.0010500744363209	0.000985422547856194	0.00168593655059093
vmr_mconsumototal_lag1	0.00104574771855071	0.000630620173608719	0.00153189158657755
cprestamos_personales_lag1	0.00103250292059352	0.00724531692292248	0.0010440825338685
vm_msaldototal_rank_lag1	0.00102494285312576	0.000916195768378501	0.00163458822925314
Visa_fultimo_cierre	0.00102434143505222	0.00109998684345263	0.00187421372882952
rf_014_015	0.00102346984634656	0.000335133732222004	0.000350880195808265
vmr_mpagominimo_lag1	0.00101956960180715	0.000814119201989282	0.00152333353302125
Visa_mconsumototal_rank	0.00101336101118955	0.000812467654510964	0.00246471942421416
Master_cconsumos_tend6	0.000977180521763076	0.00229955380067595	0.00131794024767007
mtarjeta_visa_consumo_rank_delta1	0.000958465319299811	0.000541719285990969	0.00115533723010039
ctrx_quarter_normalizado	0.000957280841380239	0.00166452325347029	0.00216518754974369
Master_msaldototal_rank_tend6	0.000952809605788575	0.00207404377733865	0.00154044964013385
mv_status07_rank_delta1	0.000952339803501818	0.0117700658440745	0.00375698551121533
vm_mlimitecompra_rank	0.000946119040512395	0.000901744923161597	0.00112110501587519
vmr_Master_mlimitecompra_lag1	0.000924804863243053	0.00146631491074028	0.00149765937235235
mv_status07_rank	0.000919975667238291	0.01732638381416	0.00475827777730233
thomebanking_delta1	0.000917304788534648	0.00161336198269751	0.000530599320490548
vm_msaldototal_rank_delta1	0.000909334314985674	0.000651165736588399	0.00135217246189527
Visa_mpagominimo_rank_delta1	0.000907433124823501	0.000884626614026994	0.00189132983594211
Visa_cconsumos	0.000902974976411589	0.000588665401544858	0.0020710489606244
vmr_mconsumototal_delta1	0.000895694283762252	0.000430593176468781	0.000949943944749206
mtarjeta_master_consumo_rank_tend6	0.000884738196900991	0.00165689802362359	0.000787340927179522
Visa_fechaalta_tend6	0.000884144842869388	0.00329116320936936	0.001001292266087
mtarjeta_visa_consumo_rank	0.000878169910345669	0.00161991116884439	0.00197691037150511
vm_mlimitecompra_rank_lag1	0.000855102299996732	0.00104562789564736	0.00118956944432558
kmes_lag1	0.000849740220845064	0.00268418710483676	0.00137784662256416
rf_016_004	0.000843686458801932	0.000147673332514015	0.000248183553132676
rf_007_001	0.000839633838863898	0.000104939248684971	0.000136928856900787
cdescubierto_preacordado_delta1	0.000834363401922338	0.00097677749720255	0.000239625499576376
Master_Fvencimiento_tend6	0.0008321258387075	0.00226168455882796	0.00117245333721298
ccallcenter_transacciones	0.000827854837357485	0.00146014210562628	0.00050492515982165
cdescubierto_preacordado	0.000821834958787971	0.000693728809118269	0.00040222851714606
ctarjeta_master_transacciones_tend6	0.000805474793552988	0.00241515978153767	0.000872921462742514
mtarjeta_master_consumo_rank_delta1	0.000801157429879124	0.00030528171872384	0.000522041266934249
vm_msaldototal_rank	0.000798085324476	0.000888507555382663	0.00213951338907479
cpayroll_trx_tend6	0.0007952781485408	0.00120795510049145	0.000890037569855112
Visa_Fvencimiento_tend6	0.000790813239037493	0.00140449940176695	0.0010098503196433
mpayroll_sobre_edad_rank	0.000786419687691101	0.000498141077895229	0.000761666766510625
Master_mpagominimo_rank_tend6	0.000780472304345917	0.00340452652150402	0.00121524360499448
cprestamos_personales	0.000775169431368943	0.00594665633612657	0.000898595623411411
mtarjeta_visa_consumo_rank_lag1	0.000773814939182971	0.00103442157987368	0.00154900769369015
kmes	0.000766673219819718	0.000639348777728169	0.00118956944432558
mpayroll_rank_tend6	0.000754246755479365	0.000697528539628669	0.000787340927179522
vm_fechaalta_tend6	0.000730246262517287	0.00378345710640519	0.000984176158974403
rf_009_013	0.000710026441531759	0.00162440587678065	0.000427902677814958
rf_012_004	0.000683582720917726	0.000829066682759949	0.000958501998305505
vm_mfinanciacion_limite_rank	0.000676037685498702	0.00118230106299491	0.00130082414055747
Master_mconsumototal_rank_tend6	0.0006701144294503	0.00189513316171582	0.00124947581921968
vm_mconsumototal_rank_lag1	0.000658471355031684	0.000529521260856782	0.00120668555143818
Master_mconsumototal_rank_delta1	0.000656332491889219	0.00057603555335842	0.000693202338060232
vm_mpagominimo_rank_delta1	0.000649495117086194	0.0026050213672957	0.00150621742590865
vmr_mconsumototal_tend6	0.000630250969270307	0.000690037620026067	0.00154044964013385
vm_cconsumos_lag1	0.000629715681198432	0.000336041107243189	0.000847247302073616
vm_cconsumos_delta1	0.000619557873464841	0.00055690493318286	0.000650412070278736
Master_fultimo_cierre_delta1	0.000619370830744519	0.000189164265711625	0.000718876498729129
ccomisiones_otras_delta1	0.000615240290881903	0.000698578814502588	0.0010269664267559
vm_mconsumototal_rank	0.000600288801682818	0.000415905726577679	0.00140352078323306
ccomisiones_mantenimiento_delta1	0.00055776649669098	0.00089106101176758	0.000273857713801573
rf_012_001	0.000557629646814714	0.0001172231699055	0.000316647981583069
ctrx_quarter_normalizado_lag1	0.000555436867113729	0.00232819702197722	0.00235346472798227
Master_msaldototal_rank	0.000555017718303255	0.00111214504403769	0.000753108712954326
mtarjeta_master_consumo_rank	0.00054801351358171	0.000952449382929739	0.000385112410033462
rf_009_007	0.000541780373844164	0.000448996803404477	0.000256741606688975
Master_mpagominimo_rank_lag1	0.000536112970475935	0.000206346606474229	0.000350880195808265
kmes_tend6	0.000534591044845358	0.00151573171008679	0.000821573141404719
rf_009_012	0.000528557569307109	0.000238848904672824	0.000419344624258659
rf_018_014	0.000523810956502751	0.000146024908529746	0.00030808992802677
Master_mconsumototal_rank_lag1	0.000482913567535897	0.000272021192344892	0.000616179856053539
internet_delta1	0.000480647637114418	0.00344117916242	0.000684644284503932
Master_mpagominimo_rank_delta1	0.00047825097029203	0.000592419841391549	0.00090715367696771
Master_msaldototal_rank_delta1	0.000465348081417223	0.000436578571939848	0.000847247302073616
rf_014_000	0.000463590885523638	0.000731211518577721	0.000984176158974403
rf_003_000	0.000463413007363514	0.0021301799932577	0.000864363409186215
vm_cconsumos	0.000461954616762789	0.000334116254035598	0.0010098503196433
Master_mconsumototal_rank	0.000455862525397682	0.000425861082984806	0.000470692945596454
ctarjeta_master_transacciones	0.000455724062698995	0.000404012242113253	0.000196835231794881
vm_mconsumototal_rank_delta1	0.000452021867390937	0.000316907363573579	0.001001292266087
rf_003_004	0.000444012647108255	3.23344103934702e-05	7.70224820066924e-05
cdescubierto_preacordado_lag1	0.000425506490251726	0.000815082019029833	0.000359438249364565
mpayroll_sobre_edad_rank_delta1	0.000416663842649601	0.000516763349414343	0.000547715427603146
rf_003_015	0.000406035110889666	0.000173657679506217	0.000154044964013385
internet	0.00039615523885088	0.00527562517738762	0.00090715367696771
vmr_msaldototal_delta1	0.000392717470448116	0.00121604104571036	0.00113822112298779
vm_status06_tend6	0.000389792604489737	0.00564370005872208	0.000881479516298813
rf_008_009	0.000371666790034393	0.000234933604882618	5.99063748940941e-05
rf_008_005	0.000369493239400615	0.00100031146311345	0.000590505695384642
rf_003_003	0.000364075158439344	0.000753217315025228	0.000248183553132676
Master_cconsumos_lag1	0.000360429947561829	0.000134999755410894	0.000410786570702359
vm_status01_tend6	0.000357838719867138	0.00357942969426221	0.0010611986409811
rf_016_000	0.000355709657769625	0.000493305909107643	0.00090715367696771
Master_fechaalta_tend6	0.000350660656376144	0.0010509909349292	0.000821573141404719
rf_011_012	0.000350136226867969	0.000216324608213211	0.000333764088695667
mpayroll_rank_delta1	0.000322421845614364	0.00161993459504975	0.000838689248517317
rf_007_003	0.000319060432960986	0.000775726774888109	0.000701760391616531
rf_005_001	0.000318995819277162	0.000237720542447685	0.00040222851714606
rf_018_015	0.000313222060292073	7.27219693183318e-05	0.000136928856900787
rf_017_006	0.000301732986283803	9.93044654208848e-05	5.99063748940941e-05
thomebanking_lag1	0.000300906323732659	0.000261153775675507	0.00050492515982165
internet_lag1	0.000296716312363485	0.005539649444094	0.00110398890876259
Master_cconsumos	0.000292769498617047	0.000911890031832192	0.000359438249364565
vmr_Master_mlimitecompra_delta1	0.000278518807325358	0.00111977339737844	0.000453576838483855
rf_002_014	0.000274833670754305	0.000120727730228286	0.000111254696231889
rf_009_000	0.000271599113351135	0.000271262183291027	0.00020539328535118
rf_004_008	0.000267067062998689	0.00025192072726717	0.000188277178238581
vmr_Visa_mlimitecompra_delta1	0.000256891760586558	0.000329217834493523	0.000342322142251966
vm_status05_tend6	0.000255489637682338	0.00502611422577912	0.000872921462742514
ccallcenter_transacciones_lag1	0.000251944985488067	0.0005451691851679	0.000385112410033462
Master_status_tend6	0.000246473321872506	0.00130110394001561	0.000393670463589761
Master_status	0.00024590165552149	0.000990739515600812	0.000136928856900787
rf_018_002	0.000245236141150102	0.000179289339276254	0.00020539328535118
vm_status05_delta1	0.000242053190664762	0.00082924394104722	0.000196835231794881
cpayroll_trx_delta1	0.000241754009982857	0.000304395427287485	7.70224820066924e-05
ctarjeta_master_transacciones_lag1	0.000240394148809817	0.000170281182439434	0.00010269664267559
Visa_Fvencimiento_delta1	0.000234938923590248	0.000192058963821377	0.000179719124682282
rf_012_013	0.000234829907759178	6.94259022233058e-05	3.42322142251966e-05
rf_009_001	0.00022859843469992	0.000215639001269493	0.000231067446020077
rf_008_000	0.000228225792053915	0.000879609501711064	0.000924269784080309
rf_007_004	0.000218126127450006	0.000118444456078592	0.000290973820914171
rf_006_003	0.000214923492735998	4.94878588361228e-05	8.55805355629916e-05
rf_008_006	0.000214821234699888	0.00178393443095699	0.000231067446020077
Visa_fultimo_cierre_delta1	0.000210651293761523	0.00017137674797706	0.000513483213377949
rf_009_004	0.000208814866876928	3.18401174602431e-05	6.84644284503932e-05
rf_014_001	0.000204119239913521	0.00145558805130309	0.000282415767357872
rf_007_007	0.000202388592295804	9.48925300769148e-05	5.99063748940941e-05
rf_012_000	0.000201578228769502	0.000622488156852594	0.000658970123835035
rf_015_005	0.000200309958867543	4.29855250999746e-05	4.27902677814958e-05
rf_013_015	0.000197515860659114	0.000507273393620491	0.00010269664267559
rf_014_007	0.00019562140160903	8.42664033228011e-05	4.27902677814958e-05
rf_018_009	0.000195606625607152	0.000201188936926102	5.99063748940941e-05
rf_011_011	0.000195038212242904	0.000152385123286672	5.99063748940941e-05
ccomisiones_mantenimiento_lag1	0.000187078260433402	0.00298280641075445	0.000359438249364565
rf_009_002	0.000178731319103383	3.82901326710735e-05	0.000128370803344487
vm_status04_tend6	0.000178618861915861	0.00335065561964388	0.000761666766510625
rf_011_002	0.000178235888642007	0.000415215434392888	0.000256741606688975
vm_Fvencimiento_delta1	0.00017692456178892	0.000517288877288059	0.000248183553132676
rf_001_007	0.000171653425307652	5.907854731305e-05	9.41385891192907e-05
Master_cconsumos_delta1	0.000171210604143498	0.000124392369621073	0.000213951338907479
rf_002_000	0.000167769067545846	0.000223958427668547	0.000342322142251966
rf_002_008	0.000167156771074318	5.07372564556541e-05	0.00010269664267559
rf_008_002	0.000167047369927219	0.000123267130889983	0.000359438249364565
rf_014_002	0.000165674857712339	0.000241582742839061	0.000239625499576376
rf_007_000	0.000163780561832515	0.000190357440438277	0.000385112410033462
Visa_status_tend6	0.000162569882987902	0.00151857018530367	0.000556273481159445
mpayroll_rank_lag1	0.00016148263865754	0.000192031633248449	0.000470692945596454
Master_Fvencimiento_delta1	0.000158884573258585	0.000300088128994151	0.000231067446020077
rf_015_000	0.000155620094806388	0.000706131423112654	0.000753108712954326
rf_010_003	0.000151695481154381	1.81568709058387e-05	5.13483213377949e-05
rf_019_000	0.000151064372355001	0.0002470098137489	0.000547715427603146
rf_013_006	0.000149470749707664	0.000111469693867559	0.000162603017569684
rf_020_003	0.000147928591530026	5.6981901932774e-05	0.000145486910457086
rf_002_005	0.000147733267291354	0.000144772387416166	6.84644284503932e-05
Visa_fechaalta_delta1	0.000145219878206602	5.36702173675038e-05	0.000136928856900787
rf_015_010	0.000144751005445679	0.000181949775332344	3.42322142251966e-05
rf_017_001	0.000140706690818921	0.000146760491378245	0.000213951338907479
rf_005_003	0.000139173399281814	8.32254989310291e-05	9.41385891192907e-05
rf_014_006	0.000138652031801636	0.000170153900056944	0.000410786570702359
rf_017_008	0.000136790718904942	0.000144966824920705	8.55805355629916e-05
mpayroll_sobre_edad_rank_lag1	0.000136006340570616	0.000429137628242027	0.000410786570702359
rf_010_009	0.000135825954006508	7.28476899537972e-05	8.55805355629916e-05
vm_status03_tend6	0.000135618055820095	0.0020925785910244	0.000479250999152753
rf_020_009	0.000135367883013515	5.49656865242554e-05	8.55805355629916e-05
rf_017_005	0.000134765856096245	3.6776018930904e-05	4.27902677814958e-05
rf_009_014	0.000134143412946651	0.000140603303734492	5.13483213377949e-05
rf_001_001	0.0001313162766608	0.000125171681386256	0.000342322142251966
rf_016_003	0.000129634209888033	0.000112410646449768	0.000248183553132676
vm_fechaalta_delta1	0.000129536376232452	0.00100203719357542	0.00020539328535118
rf_014_012	0.00012465279917125	0.000165492085189068	6.84644284503932e-05
rf_018_005	0.000123052079612451	5.96095413013508e-05	9.41385891192907e-05
rf_017_015	0.000120132436644881	0.000303417773650202	0.000188277178238581
rf_008_011	0.000119559341830602	3.98651545451951e-05	5.13483213377949e-05
vm_status04	0.000119088060763158	0.000249605437303476	0.000231067446020077
rf_006_009	0.000118743106438024	3.61677184648947e-05	6.84644284503932e-05
rf_012_005	0.000116328371472104	5.85897204944084e-05	2.56741606688975e-05
rf_001_000	0.000116190716954012	0.000459291839789415	0.000547715427603146
rf_009_005	0.000114802828920066	4.53258030160591e-05	0.000119812749788188
rf_013_000	0.000114587072071794	0.000220054840981024	0.00040222851714606
rf_001_005	0.000114497851038171	0.00011496566458171	5.99063748940941e-05
rf_010_004	0.000113810942293759	2.19362987049209e-05	1.71161071125983e-05
cliente_edad_delta1	0.000111578271381747	0.000526196301441805	0.000273857713801573
rf_011_004	0.000110479660155748	8.6159240716391e-05	0.000145486910457086
rf_003_010	0.000109926448459424	1.16560989167149e-05	1.71161071125983e-05
vm_status06_delta1	0.0001098327291059	0.0014495495564332	0.000188277178238581
rf_012_003	0.000107749280115236	0.00046711619238173	0.00010269664267559
rf_012_002	0.00010762106198379	0.000162530231957266	0.000111254696231889
rf_009_003	0.000106203244889019	0.000282081185802656	0.000581947641828343
rf_006_006	0.000104702679499235	2.54252415574621e-06	8.55805355629916e-06
rf_016_002	0.000103558886598627	0.000146986163823273	5.99063748940941e-05
rf_017_011	0.000101598706170492	1.48155131471047e-05	8.55805355629916e-06
rf_008_004	9.84116055759615e-05	2.31536805104517e-05	4.27902677814958e-05
rf_020_015	9.77900282239912e-05	3.56687402905943e-05	5.13483213377949e-05
rf_010_008	9.75353002500702e-05	3.9989313433636e-05	2.56741606688975e-05
rf_003_001	9.71403156924685e-05	0.000111386921275265	0.000256741606688975
rf_011_000	9.23465101989379e-05	0.000680733512128119	0.000633295963166138
rf_020_011	8.94279425244577e-05	0.000122681475755828	4.27902677814958e-05
rf_005_000	8.73802829431523e-05	0.000646130664181688	0.000830131194961018
rf_017_004	8.66857518988772e-05	0.00028856087420695	0.000128370803344487
rf_002_009	8.5249505208668e-05	3.28810218520151e-05	3.42322142251966e-05
vm_fultimo_cierre_delta1	8.52341033179812e-05	0.000151002196296554	0.000419344624258659
rf_019_008	8.46429389428917e-05	7.98880455398561e-05	6.84644284503932e-05
rf_006_004	8.1353876319214e-05	8.49762173453973e-05	0.000231067446020077
rf_008_001	7.88940258010177e-05	9.03509697299185e-05	5.13483213377949e-05
rf_003_006	7.79867895618376e-05	0.000153918758864647	0.000145486910457086
rf_013_008	7.76109739474623e-05	9.58522236234173e-05	0.000145486910457086
rf_010_006	7.75762615737972e-05	0.000310575260263092	5.99063748940941e-05
rf_020_001	7.69422309535658e-05	9.20228199195539e-05	0.000239625499576376
rf_007_008	7.5705092688432e-05	1.43313715695363e-05	2.56741606688975e-05
rf_018_007	7.54446289428242e-05	0.000870192948027359	0.000188277178238581
rf_004_009	7.42153459733571e-05	9.84743968774086e-05	0.000154044964013385
rf_010_015	7.38967149703567e-05	0.000147160298616495	5.99063748940941e-05
rf_020_012	7.33027113378957e-05	7.60180364133579e-05	8.55805355629916e-05
rf_001_006	7.18155671771036e-05	8.96310043516636e-05	0.00010269664267559
mtarjeta_master_consumo_rank_lag1	7.044915566977e-05	7.44063134841625e-05	0.000273857713801573
rf_012_010	6.96358107764964e-05	7.18879964072947e-05	5.13483213377949e-05
Master_fechaalta_delta1	6.95882351037638e-05	7.26852682632581e-05	0.00020539328535118
rf_013_001	6.76315255171869e-05	0.00036733929848596	0.000119812749788188
rf_011_013	6.75330979179042e-05	6.75572719085943e-05	0.000179719124682282
rf_007_009	6.70341752395941e-05	2.29451872826924e-05	3.42322142251966e-05
vm_status02_tend6	6.68929693220727e-05	0.00158819755289312	0.00071031844517283
rf_019_001	6.60701403846149e-05	8.53604071134032e-05	0.000136928856900787
rf_016_012	6.51389704399703e-05	0.000176535979272212	9.41385891192907e-05
Visa_status_lag1	6.48039535481211e-05	0.000119814108219003	4.27902677814958e-05
rf_014_011	6.46010423941037e-05	2.74445804600295e-05	1.71161071125983e-05
rf_013_014	6.32747292960596e-05	1.91618551160492e-05	3.42322142251966e-05
rf_009_009	6.14985841970708e-05	0.000145204210468416	2.56741606688975e-05
rf_004_004	6.11914480153954e-05	3.35002545471953e-05	6.84644284503932e-05
rf_003_002	6.05728081003587e-05	8.06033256770377e-05	0.000128370803344487
rf_012_015	5.80550441798093e-05	8.1185076443632e-05	0.00029953187447047
rf_011_015	5.77992164800559e-05	1.53699333407717e-05	1.71161071125983e-05
rf_008_003	5.57368968689649e-05	0.000206309124545643	0.000496367106265351
ctarjeta_master_transacciones_delta1	5.50388888843356e-05	2.29319124329849e-05	6.84644284503932e-05
rf_008_010	5.37887215584382e-05	1.82365200040838e-05	5.99063748940941e-05
rf_020_006	5.34711121493143e-05	6.49358795281152e-05	0.000119812749788188
rf_015_006	5.31885909715513e-05	5.87904049870456e-05	1.71161071125983e-05
rf_004_015	5.27092253593293e-05	2.40196692354893e-05	5.99063748940941e-05
rf_002_013	5.19010525520716e-05	1.38308316482115e-05	1.71161071125983e-05
rf_020_000	5.02364257778918e-05	0.000298220279552952	0.000359438249364565
rf_011_006	5.02034645726321e-05	1.87565817632137e-05	1.71161071125983e-05
rf_013_003	4.93697853942994e-05	1.45882789550524e-05	5.13483213377949e-05
rf_019_015	4.82951963208595e-05	4.19906922454228e-05	0.000128370803344487
rf_018_000	4.7843800841917e-05	0.000349136356042901	0.000248183553132676
vm_status04_delta1	4.76880493571663e-05	0.00221886457891257	0.000188277178238581
rf_001_011	4.75660375209838e-05	0.000356798286944677	2.56741606688975e-05
rf_013_002	4.72116244657519e-05	0.000614907436796088	0.000539157374046847
rf_019_006	4.61567918275872e-05	2.92444939056668e-05	5.13483213377949e-05
rf_004_002	4.44550602698217e-05	0.000493842369210529	0.000693202338060232
rf_011_009	4.41187328580708e-05	7.22386086142756e-05	4.27902677814958e-05
rf_014_003	4.41036554361174e-05	6.63836190197471e-05	8.55805355629916e-05
rf_012_007	4.36325531291426e-05	1.3949524422067e-05	5.13483213377949e-05
rf_010_010	4.35668304892831e-05	3.3415920207877e-05	2.56741606688975e-05
rf_006_001	4.33533780404273e-05	0.000168447691432772	0.000111254696231889
rf_005_006	4.32544595517044e-05	9.02127551182579e-05	9.41385891192907e-05
rf_003_005	4.22167192977487e-05	2.38666180270968e-05	4.27902677814958e-05
rf_006_013	4.12804505608892e-05	2.15505471898906e-05	3.42322142251966e-05
rf_004_003	4.1232478320704e-05	4.91622345815325e-05	4.27902677814958e-05
rf_002_001	4.09660651228986e-05	6.98553826550197e-05	0.00020539328535118
rf_011_003	3.97213262168988e-05	7.27586703734056e-05	3.42322142251966e-05
rf_005_008	3.88911085360342e-05	2.1793398852187e-05	2.56741606688975e-05
rf_008_013	3.83073674785976e-05	2.17777813819429e-05	5.13483213377949e-05
rf_011_008	3.64070685465845e-05	0.000245482425159023	4.27902677814958e-05
cpayroll_trx_lag1	3.61178079000368e-05	4.47417096289282e-05	7.70224820066924e-05
vm_status04_lag1	3.50128646712242e-05	0.000295787858562427	0.00010269664267559
rf_003_009	3.43679212363737e-05	1.68957601836243e-05	3.42322142251966e-05
rf_006_005	3.42494583666104e-05	1.65896577668391e-05	3.42322142251966e-05
rf_017_009	3.26702166260819e-05	6.88418088361749e-06	8.55805355629916e-06
rf_016_001	3.24053965311556e-05	0.000172765141081764	0.000222509392463778
rf_018_001	3.11296792833623e-05	6.51998147752412e-05	0.000136928856900787
rf_007_002	3.11244559659662e-05	7.63335093122895e-05	3.42322142251966e-05
rf_010_000	3.03487231896234e-05	0.00010252244516469	0.000154044964013385
rf_004_014	3.02360126642716e-05	2.23743687452691e-05	5.13483213377949e-05
rf_001_013	3.00935398152252e-05	1.05066531067461e-05	8.55805355629916e-06
entrenamiento	2.97847166527926e-05	3.07586076458363e-05	5.99063748940941e-05
rf_007_006	2.96230107175819e-05	9.8053506054329e-05	3.42322142251966e-05
rf_004_000	2.9109412996914e-05	0.000198427768186937	0.00060762180249724
rf_007_013	2.8470867168074e-05	5.78111896027379e-05	0.000222509392463778
rf_002_012	2.83703575691278e-05	1.61203527860027e-05	2.56741606688975e-05
rf_008_012	2.75728900977189e-05	0.000157931667843879	4.27902677814958e-05
rf_012_006	2.69255466614999e-05	7.79897420316807e-05	6.84644284503932e-05
rf_015_009	2.68219695470915e-05	1.85121683538929e-05	8.55805355629916e-06
rf_018_011	2.67655000492426e-05	0.000110201555283734	0.000136928856900787
rf_005_007	2.66795069030966e-05	9.56304555459505e-05	7.70224820066924e-05
rf_002_011	2.45036980423245e-05	2.43671579484215e-05	0.000128370803344487
vm_status02_delta1	2.4334700766533e-05	9.71851747087548e-05	5.13483213377949e-05
rf_001_003	2.42542809885566e-05	4.40764053965278e-05	4.27902677814958e-05
rf_015_004	2.41081075326972e-05	2.15286827315488e-05	5.13483213377949e-05
rf_016_007	2.34248085792516e-05	3.06750541800302e-05	5.99063748940941e-05
rf_013_007	2.3278245310797e-05	1.68200154529402e-05	2.56741606688975e-05
rf_014_009	2.2403598579567e-05	2.53143575187287e-05	1.71161071125983e-05
rf_004_010	2.18745452223383e-05	3.4905826869168e-05	4.27902677814958e-05
rf_009_010	2.16871287969317e-05	4.68688090761803e-05	0.00010269664267559
rf_004_013	2.14057646879523e-05	1.3862847462212e-05	2.56741606688975e-05
rf_017_003	1.91686181270026e-05	5.15829424693744e-05	6.84644284503932e-05
rf_001_012	1.91521896311026e-05	7.65974445594155e-05	2.56741606688975e-05
rf_005_010	1.90849089213165e-05	3.38477432601275e-05	4.27902677814958e-05
rf_012_011	1.88455449761227e-05	1.54363075893093e-05	3.42322142251966e-05
rf_006_007	1.81843482745833e-05	2.4772431301257e-05	3.42322142251966e-05
rf_016_014	1.75717811280861e-05	2.16372241497456e-05	4.27902677814958e-05
rf_006_011	1.66533336104475e-05	0.000184223678999891	1.71161071125983e-05
rf_020_004	1.6452287407847e-05	0.000104666723829211	0.000171161071125983
rf_020_002	1.62122056595343e-05	5.78900578274708e-05	8.55805355629916e-05
vm_status03	1.60321144000751e-05	6.53302206517797e-05	7.70224820066924e-05
rf_017_007	1.58940647370798e-05	3.70860257152502e-05	6.84644284503932e-05
rf_001_009	1.55531225641845e-05	2.21565050353633e-05	6.84644284503932e-05
rf_007_015	1.54829230649887e-05	1.96038295239584e-05	1.71161071125983e-05
rf_013_004	1.32169121853667e-05	2.15450810753052e-05	5.13483213377949e-05
rf_008_014	1.3192890575186e-05	1.28227239439522e-05	4.27902677814958e-05
rf_015_012	1.31927202955291e-05	3.08491889732523e-05	5.99063748940941e-05
rf_012_008	1.28090065577198e-05	9.02096316242091e-05	7.70224820066924e-05
rf_014_014	1.23360743342693e-05	9.69454465405072e-06	3.42322142251966e-05
rf_013_011	1.11306244647978e-05	0.000114140281279307	2.56741606688975e-05
rf_019_005	1.08983737439417e-05	1.84090930502816e-05	3.42322142251966e-05
rf_006_015	1.06835971307209e-05	1.22807977264805e-05	3.42322142251966e-05
rf_009_008	1.03178503961449e-05	1.02692675590351e-05	4.27902677814958e-05
ctarjeta_visa_lag1	1.01483907412427e-05	0.000225172685980029	5.13483213377949e-05
rf_016_011	9.94281235320875e-06	1.0781520583043e-05	3.42322142251966e-05
rf_015_013	9.88361082620851e-06	5.80891805730836e-06	8.55805355629916e-06
rf_006_010	9.78513590997618e-06	7.86011659917388e-05	5.13483213377949e-05
rf_014_008	9.38071208029097e-06	5.43277128647822e-05	6.84644284503932e-05
rf_004_006	9.16650362862505e-06	4.0181408317639e-05	6.84644284503932e-05
rf_009_011	8.85282552288059e-06	2.86736753682435e-06	8.55805355629916e-06
ctarjeta_master_tend6	8.80818565525278e-06	0.000115074986873419	6.84644284503932e-05
ctarjeta_visa_tend6	8.68378344973569e-06	0.000390565600233047	0.000119812749788188
vm_status05	8.38950995741444e-06	0.000186955174545591	0.000213951338907479
rf_001_004	8.22123587120022e-06	1.16834294896421e-05	3.42322142251966e-05
rf_016_010	7.56942931102235e-06	1.16974852128618e-05	2.56741606688975e-05
rf_005_013	7.51526407483029e-06	0.000235069476873742	5.13483213377949e-05
rf_005_002	7.34935393948857e-06	2.53940066169738e-05	7.70224820066924e-05
rf_018_010	7.24802124380791e-06	1.41666072584606e-05	1.71161071125983e-05
rf_005_005	6.74671750289144e-06	2.00762579988437e-06	8.55805355629916e-06
rf_005_004	6.56211324312741e-06	0.000703609201668225	4.27902677814958e-05
rf_006_014	6.49449958416077e-06	7.7361138854354e-06	8.55805355629916e-06
rf_002_006	6.26360041911824e-06	5.31509364818861e-05	7.70224820066924e-05
rf_006_002	6.14298889442887e-06	8.85744824896475e-06	4.27902677814958e-05
rf_019_002	5.62016191722212e-06	5.33742663063774e-05	0.00020539328535118
rf_008_015	5.61406447748836e-06	2.8713499917366e-05	0.00010269664267559
rf_013_005	5.3195233584803e-06	3.49675158766324e-06	8.55805355629916e-06
rf_014_005	5.21591526646034e-06	1.79905448477386e-05	3.42322142251966e-05
rf_011_010	5.18918676622619e-06	3.03080436292928e-05	5.13483213377949e-05
vm_status01_delta1	5.06390915263517e-06	0.000712139463915575	0.000136928856900787
rf_001_010	4.95783523535104e-06	0.00043208230225656	4.27902677814958e-05
rf_007_014	4.91523194452275e-06	8.48497158364198e-06	3.42322142251966e-05
rf_003_011	4.73099658790058e-06	2.40266970970992e-05	2.56741606688975e-05
rf_017_002	4.5489131851842e-06	7.00256130806808e-05	3.42322142251966e-05
ctarjeta_master	4.51803923073538e-06	1.95968016623485e-05	5.99063748940941e-05
rf_001_014	4.23705679152644e-06	9.64300700224505e-06	1.71161071125983e-05
rf_007_011	4.08075225532075e-06	1.13742035788081e-05	2.56741606688975e-05
rf_020_005	3.90585001129978e-06	8.40219899134803e-06	8.55805355629916e-06
rf_016_005	3.80300645103586e-06	2.97020857838202e-05	8.55805355629916e-05
rf_017_013	3.74049178735042e-06	6.34615903370682e-06	1.71161071125983e-05
rf_019_014	3.73535441437034e-06	1.4586717208028e-06	8.55805355629916e-06
rf_017_010	3.50418680689885e-06	1.90986043615604e-05	8.55805355629916e-06
rf_011_001	3.42027624906567e-06	2.02792851120175e-06	8.55805355629916e-06
rf_002_002	3.14634331330596e-06	6.91978871577413e-05	5.13483213377949e-05
rf_010_001	2.7449843841314e-06	1.84942082631121e-05	7.70224820066924e-05
rf_002_010	2.70941248452172e-06	4.72701780614547e-05	8.55805355629916e-06
rf_017_000	2.62894938609279e-06	8.43788491085589e-05	6.84644284503932e-05
rf_019_013	2.43343963442556e-06	2.84105209946297e-05	4.27902677814958e-05
rf_003_013	2.40346295181924e-06	2.63857159774768e-06	1.71161071125983e-05
Master_status_lag1	2.30180997253889e-06	0.000385821012772877	6.84644284503932e-05
rf_004_011	2.22933885498269e-06	3.87367923200559e-05	7.70224820066924e-05
rf_003_012	2.21738272378634e-06	4.84141577568381e-06	1.71161071125983e-05
rf_011_005	2.2018722336034e-06	1.2267522876773e-05	3.42322142251966e-05
rf_008_007	2.16482774378532e-06	5.20842632642113e-06	1.71161071125983e-05
rf_012_009	2.06389020581511e-06	0.000145935888949354	5.13483213377949e-05
rf_001_002	1.87145452180504e-06	3.54368208574688e-05	9.41385891192907e-05
rf_019_009	1.84348958620861e-06	8.11718015939245e-06	2.56741606688975e-05
vm_status01_lag1	1.39105371323015e-06	0.000189266560141724	5.13483213377949e-05
rf_015_008	1.2194915128684e-06	1.75930802300252e-06	8.55805355629916e-06
rf_003_014	1.03581170249721e-06	0.000354954644582356	0.000273857713801573
Master_status_delta1	9.597442803063e-07	0.000194058000012627	1.71161071125983e-05
rf_010_011	9.08686285747297e-07	0.000135355052858948	0.000316647981583069
rf_010_002	7.61895069058686e-07	1.36887126689899e-06	8.55805355629916e-06
rf_005_012	5.45417737578171e-07	1.23526380896036e-05	3.42322142251966e-05
rf_010_013	4.52854557391579e-07	2.69651241235344e-05	4.27902677814958e-05
ctarjeta_visa	4.05019509624545e-07	0.000128595030863772	2.56741606688975e-05
rf_003_007	4.02245804358026e-07	1.26392186685836e-05	8.55805355629916e-06
rf_016_013	3.99691298640437e-07	8.51753400910101e-05	1.71161071125983e-05
vm_status06	3.63721002696854e-07	0.000348323466716694	0.000145486910457086
rf_014_010	3.63331512391327e-07	1.3067137353273e-05	8.55805355629916e-06
rf_013_009	3.41156385508828e-07	0.000132771142407055	0.000179719124682282
rf_019_003	3.31475417335543e-07	0.000130958734985223	0.00020539328535118
rf_004_007	2.98181840841439e-07	1.85371563062835e-05	4.27902677814958e-05
rf_006_008	2.80783621874286e-07	1.72049860944583e-05	3.42322142251966e-05
rf_016_009	2.75275561804147e-07	1.28656719871236e-05	3.42322142251966e-05
rf_010_007	2.03503648804125e-07	1.54558294271145e-05	2.56741606688975e-05
vm_status05_lag1	1.97159639965997e-07	0.000157188276260258	5.13483213377949e-05
Visa_status_delta1	1.32170378366971e-07	9.58631558525882e-05	5.99063748940941e-05
rf_013_013	1.06997063628573e-07	2.43593492132994e-05	2.56741606688975e-05
rf_020_010	9.37862565058192e-08	1.66771156002063e-05	4.27902677814958e-05
rf_004_001	8.97473257664967e-08	3.38438388925664e-05	5.13483213377949e-05
vm_status06_lag1	8.91119388399672e-08	3.33112831572412e-05	3.42322142251966e-05
rf_010_012	8.70469442526043e-08	4.78995621122936e-05	5.99063748940941e-05
rf_002_015	7.84739187997494e-08	8.11718015939245e-06	8.55805355629916e-06
vm_status03_delta1	5.21312469983407e-08	0.000191792685953714	2.56741606688975e-05
rf_019_007	5.15527898871491e-08	5.64649636676929e-06	2.56741606688975e-05
rf_002_003	4.80968643197149e-08	1.26829475852672e-05	3.42322142251966e-05
rf_019_004	4.27021617639747e-08	4.70163941699874e-06	1.71161071125983e-05
vm_status02_lag1	3.0801274512739e-08	0.00014880013299213	4.27902677814958e-05
rf_003_008	2.70323959830111e-08	2.12522535082275e-05	1.71161071125983e-05
rf_019_010	2.4528758302315e-08	3.25811664233276e-05	7.70224820066924e-05
rf_010_014	2.1914253601339e-08	3.81769060118034e-06	8.55805355629916e-06
rf_005_009	1.93761396145916e-08	3.48972372605338e-06	8.55805355629916e-06
rf_018_013	1.49650250621903e-08	3.78255129313103e-06	8.55805355629916e-06
ctarjeta_visa_delta1	1.00174108077322e-08	1.91899665624886e-05	1.71161071125983e-05
rf_005_011	6.03501668487184e-09	4.72818911641378e-06	1.71161071125983e-05
rf_007_012	4.99875725837805e-09	0.000170110952013773	8.55805355629916e-05
rf_015_003	2.95280454097158e-09	3.15863335687758e-06	8.55805355629916e-06
rf_001_015	2.3944091717585e-09	0.000265475129692061	5.99063748940941e-05
rf_014_013	1.10636394106207e-09	0.000229408924783753	8.55805355629916e-06
rf_014_004	1.05653344117345e-09	0.000231777314146277	1.71161071125983e-05
rf_016_015	6.40068857701387e-10	1.79515011721282e-05	7.70224820066924e-05
rf_002_004	4.6190793326018e-10	6.77642033893292e-06	1.71161071125983e-05
rf_015_007	4.1532127250352e-10	0.000160509331307675	9.41385891192907e-05
ctarjeta_master_lag1	3.3961031862823e-10	6.3211710813162e-06	8.55805355629916e-06
rf_011_007	2.99208712846241e-10	6.1665581258992e-06	1.71161071125983e-05
rf_015_011	1.87245346246034e-10	7.02551898932697e-06	1.71161071125983e-05
rf_004_012	1.40919372215938e-10	7.72283903572788e-07	8.55805355629916e-06
rf_016_008	1.3335032831376e-10	3.13676889853578e-06	1.71161071125983e-05
rf_013_010	1.03871839350388e-10	1.44344468731476e-05	1.71161071125983e-05
vm_status03_lag1	7.83995500126016e-11	8.25094379203352e-05	1.71161071125983e-05
rf_015_014	6.94894375896748e-11	4.56264393182588e-06	4.27902677814958e-05
rf_015_015	1.98221100165745e-11	1.73666269114851e-06	1.71161071125983e-05
rf_016_006	1.60324120469308e-11	1.8233396510035e-05	2.56741606688975e-05
rf_009_015	9.75509233811041e-12	1.9888848355914e-06	8.55805355629916e-06
