Feature	Gain	Cover	Frequency
rf_011_000	0.186440812285024	0.00455855889114873	0.000481000481000481
ctrx_quarter_normalizado	0.086303897875337	0.012441200391627	0.00577200577200577
ctrx_quarter	0.0557693232971441	0.0148860435619067	0.00529100529100529
ctrx_quarter_normalizado_lag1	0.0494867994317505	0.00552519488112374	0.00192400192400192
mprestamos_personales_rank	0.0335509916792504	0.0200152416571139	0.00913900913900914
cpayroll_trx	0.0242882687455092	0.0101493011854664	0.00384800384800385
rf_003_008	0.0235699470068021	0.0281326483754224	0.00673400673400673
rf_015_002	0.0235323119885499	0.000675213697751837	0.000481000481000481
rf_018_006	0.0214829889469385	0.0219726983722769	0.00529100529100529
mcuentas_saldo_rank	0.0206399361508244	0.0118972322039715	0.0105820105820106
rf_012_003	0.0166342676429884	0.00742539178705981	0.000962000962000962
cproductos_tend6	0.0142105704571121	0.00261014319849527	0.00336700336700337
rf_009_000	0.0138516722417906	0.000170649299866984	0.000481000481000481
foto_mes	0.0120021995965647	0.00335595221367553	0.00432900432900433
rf_005_015	0.0119328048597372	0.0182342355645949	0.00192400192400192
rf_006_001	0.00864209496478647	0.0041040968263374	0.000962000962000962
rf_002_014	0.00838624841684303	0.00646561190582118	0.00240500240500241
mtarjeta_visa_consumo_rank	0.00781542308431639	0.00646659134992637	0.00577200577200577
cproductos	0.00759265192854916	0.0442072850299126	0.0182780182780183
cdescubierto_preacordado_tend6	0.00668590559033962	0.00808485903727425	0.00192400192400192
rf_015_014	0.00606131286697641	0.00540442188876755	0.00240500240500241
mcuentas_saldo_rank_tend6	0.00602965006045201	0.00268540971088694	0.00577200577200577
rf_017_011	0.0058255829583899	0.00234041936029492	0.00288600288600289
vm_msaldototal_rank	0.00573670663869755	0.00575852860372332	0.00481000481000481
rf_002_006	0.00495210387674562	0.00398535806404585	0.000962000962000962
rf_013_012	0.00491860684433845	0.000441578607735273	0.000481000481000481
ccomisiones_mantenimiento_tend6	0.0048027685096499	0.00165006194983965	0.00384800384800385
ccallcenter_transacciones	0.00467447077473267	0.00323804221178068	0.00192400192400192
Visa_fechaalta_lag1	0.00464408952997096	0.00186275200437586	0.00529100529100529
mrentabilidad_annual_rank_delta1	0.00457447942835165	0.00593490388451299	0.00913900913900914
mprestamos_personales_rank_tend6	0.00450899786779857	0.00626686009432047	0.00384800384800385
mtransferencias_recibidas_rank	0.00439396324742851	0.00433230730284826	0.00481000481000481
rf_018_010	0.00433593599473449	0.00332950722283521	0.00384800384800385
mactivos_margen_rank	0.00422679829917944	0.00493413803456458	0.00384800384800385
mrentabilidad_annual_rank	0.00419027899244944	0.00567648132444952	0.00721500721500722
mcaja_ahorro_rank	0.00411702492474041	0.0044899224619307	0.00913900913900914
rf_006_008	0.00407801097391419	0.0163934080398046	0.00384800384800385
mrentabilidad_annual_rank_lag1	0.00407747860064292	0.00484854968814123	0.00913900913900914
mcomisiones_rank_lag1	0.00406684468555611	0.00778725871300291	0.0134680134680135
ctarjeta_visa_transacciones	0.0039915604579173	0.00557205751446469	0.00432900432900433
mactivos_margen_rank_lag1	0.00394757220820734	0.00777354649553016	0.00625300625300625
kmes_tend6	0.00381696472352254	0.0026270951157006	0.00288600288600289
vm_status01	0.00374192538874946	0.00245124722789065	0.000962000962000962
cliente_edad_lag1	0.0037172705723417	0.00641799585393776	0.00865800865800866
mpasivos_margen_rank	0.00355350052106231	0.0042680407011765	0.00865800865800866
mrentabilidad_rank_tend6	0.00352891073939306	0.00276662822976403	0.00577200577200577
Visa_mfinanciacion_limite_rank	0.00351800170918917	0.00180843052746455	0.00481000481000481
internet_tend6	0.00349972802865437	0.00368067560547539	0.00384800384800385
vm_status05	0.00337078466414074	7.293091491004e-05	0.000481000481000481
ctrx_quarter_tend6	0.00335902692388253	0.00763717773934506	0.00529100529100529
Master_fechaalta_lag1	0.00334445414054989	0.00599886911876777	0.00817700817700818
cliente_edad	0.00330968202628091	0.00530052547176244	0.00865800865800866
mcuentas_saldo_rank_delta1	0.00319748054590738	0.0145787994802919	0.0115440115440115
mcomisiones_mantenimiento_rank_tend6	0.00286997601859091	0.00496532956222239	0.00288600288600289
mcaja_ahorro_rank_lag1	0.00280875787355085	0.0058776440752861	0.0076960076960077
mrentabilidad_annual_rank_tend6	0.00275691741270215	0.00197094290707298	0.00481000481000481
mcomisiones_mantenimiento_rank	0.00273237541557051	0.0119477112463163	0.00673400673400673
numero_de_cliente	0.00271881382387579	0.00528568312647599	0.00865800865800866
ccomisiones_otras	0.00265248975623771	0.0118448696152706	0.00913900913900914
mcomisiones_rank_tend6	0.00264825566583003	0.00327737065969704	0.00529100529100529
mv_status07_rank	0.0026333451223427	7.02939500114331e-05	0.000481000481000481
vm_status02	0.00261537815105545	0.00662782291801262	0.00144300144300144
Visa_fechaalta	0.00257338525503225	0.00270643008822154	0.0076960076960077
vmr_msaldototal_tend6	0.00256301103328949	0.00343988303930547	0.00384800384800385
rf_010_009	0.00255659851736643	0.0110011915314249	0.00673400673400673
vm_mconsumototal_rank_tend6	0.00249630736383828	0.00612152565748011	0.00817700817700818
mcuenta_corriente_rank_lag1	0.00249455194512583	0.00237447387841407	0.00673400673400673
Master_fechaalta	0.00249204588694014	0.00427112971720058	0.00962000962000962
cdescubierto_preacordado	0.00248628195814567	0.00280535394284642	0.00144300144300144
Master_Fvencimiento_lag1	0.00246628395820223	0.003632758186175	0.00721500721500722
Visa_mlimitecompra_rank_delta1	0.00244669950430149	0.00251363028320626	0.00673400673400673
mcuenta_corriente_rank_tend6	0.00232159193010085	0.00167522612915779	0.00481000481000481
ctarjeta_visa_transacciones_tend6	0.00229519129982544	0.0013416123985569	0.00240500240500241
mactivos_margen_rank_tend6	0.00229414703455788	0.00189462160872187	0.00481000481000481
mcomisiones_rank	0.00225889862641606	0.00378253779241586	0.0076960076960077
rf_009_004	0.0021684418768024	0.00352366318122692	0.000481000481000481
vm_Fvencimiento	0.00213747024905738	0.00501106206774966	0.00625300625300625
vm_fechaalta	0.00212083184713408	0.00233205641447362	0.00481000481000481
Visa_cconsumos_tend6	0.00212019296964868	0.00510523938555704	0.00721500721500722
mprestamos_personales_rank_delta1	0.00211361581660592	0.00629677081045609	0.00240500240500241
ctrx_quarter_normalizado_tend6	0.00205972634950215	0.010400114218251	0.00865800865800866
rf_014_012	0.00200745351647871	0.00604791666588186	0.00192400192400192
rf_018_013	0.00200543696947889	0.000798623655006636	0.000481000481000481
mprestamos_personales_rank_lag1	0.00200281935445386	0.000888506487122005	0.000481000481000481
cliente_antiguedad	0.00195420086680649	0.0045737779457064	0.0076960076960077
cprestamos_personales	0.00191430803352951	0.00235262474068276	0.00240500240500241
mttarjeta_visa_debitos_automaticos_rank_tend6	0.00190389680347734	0.0031658647154131	0.00384800384800385
mpayroll_rank_tend6	0.00183354319442785	0.00613719676316326	0.00721500721500722
Master_mfinanciacion_limite_rank_tend6	0.00183178251123648	0.00209051042976124	0.00673400673400673
mpasivos_margen_rank_tend6	0.00180564032667549	0.00313896767344731	0.00432900432900433
vmr_Master_mlimitecompra_tend6	0.0017663472296395	0.00689182077529028	0.00432900432900433
Visa_mconsumototal_rank_tend6	0.00176136288617644	0.00548187331493234	0.00673400673400673
vm_fechaalta_lag1	0.0017396505873399	0.00192227206923012	0.00384800384800385
Visa_mlimitecompra_rank_tend6	0.00171389341642086	0.00147029628560892	0.00481000481000481
mcomisiones_mantenimiento_rank_lag1	0.00170052760912093	0.00329394586763114	0.00336700336700337
Visa_status	0.00169848964088162	0.00305865325682117	0.000962000962000962
rf_005_011	0.00168358421985176	0.00203279856940887	0.00288600288600289
chomebanking_transacciones_tend6	0.00167121221114295	0.00161050747636055	0.00384800384800385
mcuenta_corriente_rank	0.00161922894170364	0.00235059051061812	0.00481000481000481
mpayroll_sobre_edad_rank_tend6	0.00161236228829914	0.00397239926511555	0.00384800384800385
Master_mfinanciacion_limite_rank_lag1	0.00158905432697522	0.00231985103408578	0.00481000481000481
Visa_mlimitecompra_rank	0.00155722443761828	0.00184670418942148	0.00384800384800385
thomebanking	0.00154405984458273	0.000394715974394317	0.00144300144300144
cliente_antiguedad_lag1	0.00153589065185632	0.00843331511316158	0.00721500721500722
Visa_cconsumos_delta1	0.0015256381210029	0.00358054628118258	0.00288600288600289
kmes_lag1	0.00151313539995489	0.00134402333789277	0.00240500240500241
mcomisiones_mantenimiento_rank_delta1	0.00149471270899666	0.00566013214207816	0.00240500240500241
mpasivos_margen_rank_lag1	0.00144297707323872	0.00270243696994651	0.00432900432900433
vm_mpagominimo_rank_lag1	0.00143846375935766	0.00693551905075291	0.00577200577200577
Visa_mpagominimo_rank_tend6	0.00143302650313495	0.00167605488955449	0.00432900432900433
rf_009_006	0.00142142084668736	0.000843150690865968	0.000962000962000962
vm_msaldototal_rank_lag1	0.00140913140809176	0.00158270633214381	0.00288600288600289
rf_015_006	0.00139201447223523	0.00346263627928773	0.000481000481000481
Master_Fvencimiento_tend6	0.00133505063372075	0.0015580695458054	0.00288600288600289
ccomisiones_mantenimiento	0.00133288418712429	0.00793349725209422	0.00288600288600289
Visa_msaldototal_rank_tend6	0.0013094822161251	0.00761156150890145	0.00721500721500722
cliente_edad_tend6	0.00130119188137292	0.00102924507085336	0.00336700336700337
Visa_fechaalta_tend6	0.00130022682887275	0.00480507743824134	0.00240500240500241
Visa_mfinanciacion_limite_rank_lag1	0.00130018515720562	0.0019448746255039	0.00288600288600289
ccomisiones_otras_lag1	0.00127737366558953	0.00982683804929392	0.00865800865800866
rf_016_013	0.00125546607363231	0.000570940571475499	0.000481000481000481
Visa_msaldototal_rank	0.00123943614501428	0.00130793458970898	0.00481000481000481
mcuentas_saldo_rank_lag1	0.00123691521367639	0.00307967363415578	0.00529100529100529
ccomisiones_mantenimiento_lag1	0.00121739428972487	0.000341147916025476	0.00144300144300144
vm_mpagominimo_rank	0.00121372999731598	0.00497934314711213	0.00384800384800385
vm_cconsumos	0.00120067803345211	0.00189160793455204	0.00288600288600289
Master_Fvencimiento	0.00118687548940335	0.00501610997198413	0.00865800865800866
vmr_Visa_mlimitecompra_lag1	0.00116864480076177	0.000383414696257431	0.00144300144300144
Master_mpagominimo_rank_tend6	0.00115155818296015	0.00315976202521918	0.00288600288600289
cproductos_delta1	0.00114536678600144	0.00353293022929917	0.00192400192400192
vmr_msaldototal	0.00108323270795224	0.00157652830009565	0.00336700336700337
Visa_mconsumototal_rank	0.00108265323179501	0.00265798527594142	0.00384800384800385
Visa_Fvencimiento	0.00106552026471526	0.00182372492387647	0.00336700336700337
Master_mpagominimo_rank	0.00106230716406604	0.00110428555768229	0.00144300144300144
mactivos_margen_rank_delta1	0.00105027381462209	0.00224978310963709	0.00336700336700337
ccallcenter_transacciones_tend6	0.00104773126021663	0.00513575283652664	0.00336700336700337
Visa_mlimitecompra_rank_lag1	0.00104463674816737	0.00348772511675162	0.00336700336700337
vm_mfinanciacion_limite_rank_tend6	0.00103668188339284	0.00185679999789043	0.00384800384800385
vm_mfinanciacion_limite_rank	0.00103553072661165	0.00135283833483954	0.00240500240500241
Visa_cconsumos	0.00103255860426892	0.00141047485333766	0.00240500240500241
mtransferencias_recibidas_rank_tend6	0.0010291687195483	0.00113841541765569	0.00288600288600289
ctrx_quarter_lag1	0.00102570162657316	0.00342948586341953	0.00481000481000481
vm_Fvencimiento_lag1	0.00102471664170532	0.000917287075443942	0.00192400192400192
vm_msaldototal_rank_tend6	0.00102235094811572	0.00827479585182819	0.0076960076960077
mtarjeta_visa_consumo_rank_tend6	0.00101971126164039	0.000866431323827954	0.00192400192400192
Visa_fultimo_cierre	0.00100093171753569	0.000903122806845712	0.00240500240500241
Visa_Fvencimiento_tend6	0.000992662457233069	0.000997149440944606	0.00288600288600289
mpayroll_rank_delta1	0.000989903426495266	0.010865802219345	0.00817700817700818
ccomisiones_otras_tend6	0.00098741625410975	0.00102510126886984	0.00240500240500241
vmr_mpagominimo_tend6	0.000970718966874369	0.000862136838135937	0.00336700336700337
rf_006_015	0.000962838801784041	0.00259183512791352	0.000962000962000962
Master_mlimitecompra_rank_tend6	0.000962820545429845	0.00177512942788786	0.00336700336700337
vmr_Master_mlimitecompra	0.000955078195698692	0.000973642782419882	0.00192400192400192
cpayroll_trx_tend6	0.000949595886922065	0.00471466721314625	0.00144300144300144
vm_mlimitecompra_rank_tend6	0.000943414759278203	0.00128020878734649	0.00384800384800385
vmr_mpagominimo	0.000938513344127192	0.00136368756185095	0.00288600288600289
mtarjeta_visa_consumo_rank_lag1	0.000936397124219462	0.00358597089468829	0.00529100529100529
mpayroll_sobre_edad_rank_delta1	0.0009304301438381	0.0063914755212432	0.00481000481000481
mtarjeta_master_consumo_rank_tend6	0.000927250108789116	0.00321295337431679	0.00192400192400192
mtransferencias_recibidas_rank_lag1	0.000905368051162826	0.00144776907118939	0.00288600288600289
Visa_mfinanciacion_limite_rank_delta1	0.000899658561522049	0.00186945742940374	0.00288600288600289
rf_011_015	0.000897900939219749	0.00133264671790164	0.00192400192400192
chomebanking_transacciones_delta1	0.00089173485545717	0.00150111110399549	0.00336700336700337
mpayroll_sobre_edad_rank	0.000880154676777916	0.00837560325280922	0.00721500721500722
vm_cconsumos_lag1	0.000866475398099325	0.000682672541322182	0.00240500240500241
Visa_cconsumos_lag1	0.000858866993590154	0.000859123163966101	0.00288600288600289
Master_fechaalta_tend6	0.000858656795143217	0.00467646889304357	0.00432900432900433
Visa_msaldototal_rank_lag1	0.000858489103719699	0.000322312452463999	0.00144300144300144
Visa_mconsumototal_rank_lag1	0.000857058796213496	0.00213684567012247	0.00288600288600289
Master_cconsumos_tend6	0.00085626635767429	0.00166716455075348	0.00192400192400192
mrentabilidad_rank_delta1	0.000850509771740905	0.00238065191046223	0.00384800384800385
ccomisiones_mantenimiento_delta1	0.000849523180979096	0.000969046929310882	0.000962000962000962
ctarjeta_visa_transacciones_delta1	0.000846450671916312	0.00413754860962259	0.00288600288600289
mtransferencias_recibidas_rank_delta1	0.000837716414801196	0.000803972926658095	0.00192400192400192
rf_007_003	0.000791315778498586	0.00332069222588844	0.000962000962000962
chomebanking_transacciones	0.00077681621160129	0.000644926272344981	0.00192400192400192
vmr_mpagominimo_lag1	0.00077152714483411	0.00927058913939637	0.0076960076960077
rf_014_003	0.000768654152786663	0.000251867818744074	0.000481000481000481
mttarjeta_visa_debitos_automaticos_rank	0.000739774721744154	0.00106503245162017	0.00336700336700337
mcuenta_corriente_rank_delta1	0.00071334366690466	0.00235126858730633	0.00336700336700337
rf_005_005	0.000710232242597454	0.00206014766250014	0.000962000962000962
rf_020_012	0.000687582469482652	0.000685158822512297	0.000962000962000962
mpayroll_rank_lag1	0.0006824182553364	0.00485352225052146	0.00336700336700337
mpasivos_margen_rank_delta1	0.000662984363523121	0.00108703227305998	0.00336700336700337
Master_mfinanciacion_limite_rank_delta1	0.000626110431776799	0.00180217715356214	0.00288600288600289
Visa_mpagominimo_rank_lag1	0.000623476923196407	0.00757200703542235	0.00721500721500722
Master_mconsumototal_rank_tend6	0.00061788848068218	0.00412865827082157	0.00288600288600289
mpayroll_sobre_edad_rank_lag1	0.000606520315199025	0.00393209137309399	0.00817700817700818
vm_mpagominimo_rank_tend6	0.000594257379282777	0.0013895298178573	0.00336700336700337
Master_fultimo_cierre_tend6	0.000556157922569207	0.0017679719517345	0.00288600288600289
rf_003_015	0.000552070896387145	0.00159378158471796	0.00144300144300144
vmr_Visa_mlimitecompra	0.000548183455040233	0.000305812586384145	0.00144300144300144
vm_mlimitecompra_rank	0.000540948810411368	0.000521440973235936	0.00144300144300144
chomebanking_transacciones_lag1	0.000533290321254988	0.000486557694720081	0.000962000962000962
Master_msaldototal_rank_tend6	0.000531060051644932	0.0048012350036748	0.00336700336700337
vm_mfinanciacion_limite_rank_delta1	0.000529376989897474	0.00216464681433921	0.00192400192400192
rf_010_001	0.000520643552879482	0.000111430602429699	0.000481000481000481
rf_011_007	0.000520052920955567	0.000913067931606172	0.000481000481000481
internet_lag1	0.000517551131993518	0.0016225621730399	0.000481000481000481
rf_012_000	0.000505930996971865	0.000305887928238391	0.000481000481000481
mrentabilidad_rank_lag1	0.000493077823987229	0.00129761275567729	0.00240500240500241
mcaja_ahorro_rank_delta1	0.0004911260347713	0.00177467737676239	0.00144300144300144
vmr_mconsumototal_lag1	0.000486015530895737	0.00183532756943034	0.00192400192400192
Visa_fultimo_cierre_tend6	0.000482962014146864	0.000540502462360151	0.00144300144300144
Visa_fultimo_cierre_lag1	0.000479900817259979	0.000454537406665569	0.00144300144300144
rf_017_006	0.00047005612838939	0.000984793376848277	0.000481000481000481
Master_mconsumototal_rank_lag1	0.000467673731421451	0.00115491528373554	0.000962000962000962
rf_019_002	0.00045304416864048	0.000221128342211743	0.000481000481000481
thomebanking_tend6	0.000448981765225054	0.00118686022993581	0.00144300144300144
rf_009_005	0.000442598115710771	0.000903273490554203	0.000481000481000481
vm_fultimo_cierre	0.00044240142402149	0.000530632679453937	0.00192400192400192
rf_019_003	0.000437589380961957	0.000451071681370257	0.000481000481000481
mcomisiones_rank_delta1	0.000427216670400364	0.00066888498199518	0.00144300144300144
rf_011_003	0.000425722123340213	0.000363675130445003	0.000481000481000481
Master_cconsumos	0.000403207297966546	0.00073021325135135	0.00144300144300144
Visa_mpagominimo_rank	0.00039103466417923	0.00260599939651175	0.00529100529100529
mrentabilidad_rank	0.000388132085557546	0.000770521143372912	0.00192400192400192
Master_fechaalta_delta1	0.000385432534852415	0.000470660563474194	0.00144300144300144
kmes	0.000379054061127639	0.000591508897684632	0.00192400192400192
vm_mconsumototal_rank	0.000378027053443883	0.00403772065274676	0.00481000481000481
rf_009_015	0.000377119644380122	0.00150841926385734	0.000481000481000481
vm_mconsumototal_rank_delta1	0.000370620806656185	0.000597084194898829	0.00192400192400192
Visa_mfinanciacion_limite_rank_tend6	0.000369913268706007	0.000402476185381646	0.00192400192400192
Master_mlimitecompra_rank	0.000369301412908356	0.000407976140741597	0.00144300144300144
rf_009_002	0.000367729498559225	0.000281025116337241	0.000481000481000481
mtarjeta_master_consumo_rank_delta1	0.000362534780632139	0.00101251917921077	0.000962000962000962
cprestamos_personales_tend6	0.000359365925344246	0.000477064621085096	0.000962000962000962
rf_008_002	0.000354743479965125	0.000207792834010217	0.000481000481000481
Visa_mconsumototal_rank_delta1	0.000351439343679151	0.00041603771914591	0.00192400192400192
ccallcenter_transacciones_lag1	0.00035070878140701	0.00212908545913514	0.00144300144300144
Visa_mpagominimo_rank_delta1	0.000345287829579026	0.00909330975635574	0.00481000481000481
rf_019_009	0.000343101070700593	0.000559639293338612	0.000481000481000481
vmr_mpagominimo_delta1	0.000336604361850226	0.000760952727883681	0.00144300144300144
mcaja_ahorro_rank_tend6	0.000328069152560679	0.00352878642731564	0.00481000481000481
rf_017_002	0.000325445857816408	0.000645152297907719	0.000481000481000481
rf_009_010	0.00032133409878287	0.00183615632982705	0.00144300144300144
rf_013_009	0.000317812083294946	0.00100935482133244	0.000481000481000481
rf_006_004	0.00031589806435409	0.00232376881050657	0.000481000481000481
cproductos_lag1	0.000313718874685374	0.00596006806383113	0.00577200577200577
Master_mlimitecompra_rank_lag1	0.000300924863321474	0.00306694086078822	0.00432900432900433
vm_Fvencimiento_tend6	0.000299815844766999	0.00136730397085476	0.00481000481000481
rf_020_011	0.000298712608502461	0.00180993736454947	0.000481000481000481
mttarjeta_visa_debitos_automaticos_rank_delta1	0.000296768225498169	0.00380159928154008	0.00529100529100529
Master_mlimitecompra_rank_delta1	0.000293460102414644	0.000535755925542659	0.00192400192400192
Master_fultimo_cierre_lag1	0.00028262407474051	0.000245463761133172	0.000962000962000962
rf_016_006	0.000281122517404731	0.000288709985470323	0.000481000481000481
vm_fultimo_cierre_tend6	0.000279785038500971	0.000613584060978683	0.00144300144300144
mtarjeta_master_consumo_rank	0.000273926077671301	0.00108462133372411	0.00240500240500241
ccomisiones_otras_delta1	0.000273597481687143	0.000560769421152301	0.000962000962000962
vm_fultimo_cierre_lag1	0.00027116666031704	0.000678076688213181	0.00144300144300144
Master_mconsumototal_rank_delta1	0.000266870376847201	6.99172407402036e-05	0.000481000481000481
vmr_msaldototal_delta1	0.000254669199557704	0.000328038433386688	0.00192400192400192
ctarjeta_visa_transacciones_lag1	0.000253801528726159	0.000379873629107873	0.000962000962000962
entrenamiento	0.000249553165474056	9.59101804550422e-05	0.000481000481000481
ctrx_quarter_delta1	0.000244347307370883	0.00178567728748229	0.00240500240500241
vm_mlimitecompra_rank_lag1	0.000240950299851732	0.000797418185338701	0.00192400192400192
Master_msaldototal_rank_delta1	0.000240895415320902	0.000735637864857056	0.00144300144300144
Master_mpagominimo_rank_delta1	0.000239051348757142	0.00208094201427201	0.00240500240500241
vmr_mconsumototal	0.000232088663510038	0.000775945756878617	0.00144300144300144
rf_001_000	0.000229043285622447	0.000131019484533636	0.000481000481000481
rf_012_011	0.000228837412792986	0.000445119674884831	0.00192400192400192
Visa_fultimo_cierre_delta1	0.000195492276932477	0.000188354635614773	0.000962000962000962
ctarjeta_master_transacciones_tend6	0.000185275100543458	0.00580064470024678	0.00384800384800385
ctrx_quarter_normalizado_delta1	0.000184637096950136	0.000449263476868356	0.00144300144300144
rf_012_008	0.000184350732760618	0.000357195730979855	0.000481000481000481
vmr_msaldototal_lag1	0.000182604635310478	0.00166912343896387	0.00336700336700337
Master_status	0.000182052638374815	0.000530557337599691	0.000481000481000481
ctarjeta_master_transacciones_delta1	0.00017698862469248	0.00237696015960418	0.00144300144300144
vm_mpagominimo_rank_delta1	0.000156282239921851	0.00306671483522548	0.00529100529100529
rf_001_008	0.000154567950602905	0.000756959609608648	0.000481000481000481
Master_fultimo_cierre_delta1	0.000153487636323713	0.00014217007896203	0.000962000962000962
vm_fultimo_cierre_delta1	0.000151851707930321	6.84104036552854e-05	0.000481000481000481
vm_mlimitecompra_rank_delta1	0.000151614669487461	0.000216231121685759	0.000962000962000962
Master_mfinanciacion_limite_rank	0.000148009514286321	0.00100988221431216	0.00240500240500241
rf_001_007	0.000145794652814815	8.55130045691068e-05	0.000481000481000481
Master_msaldototal_rank	0.000139520387237888	0.00143767326272044	0.00288600288600289
vm_fechaalta_tend6	0.000135766157834951	0.00018729984965533	0.000962000962000962
vmr_mconsumototal_delta1	0.000129026023982378	0.000357497098396838	0.000962000962000962
mpayroll_rank	0.000122180296784488	0.00730273524834747	0.0076960076960077
Master_fultimo_cierre	0.000114889083446602	0.000595728041522403	0.00144300144300144
vm_cconsumos_tend6	0.000114370226674589	0.002334316670101	0.00336700336700337
rf_009_014	9.77557864470487e-05	0.000692014931248674	0.000481000481000481
vm_mconsumototal_rank_lag1	9.70296798780332e-05	7.42870682864663e-05	0.000481000481000481
cpayroll_trx_lag1	7.4802650125011e-05	0.0025148357528742	0.00192400192400192
rf_013_008	6.93626133053348e-05	0.000726370816784809	0.000481000481000481
ccallcenter_transacciones_delta1	6.81797868856184e-05	0.00285545627591995	0.00144300144300144
vm_status02_tend6	6.33365868851367e-05	0.00163650041607539	0.000481000481000481
rf_006_012	5.48444642896609e-05	0.000508256148742902	0.000481000481000481
vm_msaldototal_rank_delta1	4.25970010849491e-05	0.000672350707290492	0.00144300144300144
rf_013_014	3.76264205457224e-05	0.000246066495967139	0.000481000481000481
rf_017_007	3.40125596339516e-05	0.00132172214903598	0.000481000481000481
Visa_msaldototal_rank_delta1	2.94763696124804e-05	0.00261338289822785	0.00240500240500241
rf_015_009	2.9275955385189e-05	0.000562200916382973	0.000481000481000481
rf_020_009	2.91136955378693e-05	0.00240152160408835	0.00240500240500241
vmr_Visa_mlimitecompra_delta1	2.46041936511237e-05	0.00131637287738452	0.000962000962000962
vmr_Master_mlimitecompra_delta1	1.62796552030691e-05	0.000829589157101704	0.000481000481000481
rf_008_013	1.51342521534779e-05	0.0042238903745884	0.00336700336700337
rf_002_009	1.32404354182732e-05	0.00104092305826148	0.000962000962000962
cliente_edad_delta1	1.14104027756317e-05	0.000463653771029324	0.000481000481000481
vmr_mconsumototal_tend6	8.96467602659074e-06	0.00107264197889901	0.00288600288600289
Visa_Fvencimiento_lag1	2.70025468808275e-06	0.000222710521150907	0.000962000962000962
vmr_Visa_mlimitecompra_tend6	2.01282250431323e-06	0.000249080170136975	0.000481000481000481
Master_Fvencimiento_delta1	1.56292979800385e-06	0.000140437216314374	0.000962000962000962
rf_014_007	2.93158236960466e-07	0.000153245331536179	0.000962000962000962
rf_013_006	1.04420025136755e-07	0.000796966134213226	0.000481000481000481
rf_019_015	7.38801386226042e-08	0.000684706771386821	0.00192400192400192
vm_status03	1.53147927305284e-08	0.000108266244551371	0.000481000481000481
rf_001_012	1.30359139299368e-08	0.00232022774335701	0.00192400192400192
rf_003_014	1.11281799711658e-08	0.000221881760754202	0.000962000962000962
rf_010_014	8.3633865663555e-09	0.000285922336863225	0.00144300144300144
rf_007_012	7.46317394693192e-09	0.000269949863763092	0.00144300144300144
rf_007_006	5.84287685032083e-09	0.00099338234823231	0.000481000481000481
ctarjeta_master	4.01381179402627e-09	0.000934615701920501	0.000481000481000481
rf_020_013	6.11874053918772e-10	0.00182108795897787	0.00192400192400192
rf_016_009	3.94763541142708e-10	0.000157841184645179	0.000962000962000962
rf_004_007	2.16493736844945e-10	0.000886095547786136	0.000962000962000962
vm_mfinanciacion_limite_rank_lag1	1.28697665651525e-10	0.000306038611946883	0.000481000481000481
Master_mconsumototal_rank	4.09767152147747e-11	0.000159348021730098	0.000481000481000481
ctarjeta_master_transacciones	3.00929824600368e-11	0.000421989725631337	0.000481000481000481
mtarjeta_master_consumo_rank_lag1	1.84842137081282e-11	0.000179841006084985	0.000481000481000481
ctarjeta_master_transacciones_lag1	1.71180426514422e-11	0.000417469214376582	0.000481000481000481
rf_016_008	3.01537078879023e-12	0.000193176514286511	0.000481000481000481
mtarjeta_visa_consumo_rank_delta1	1.34497142958771e-12	6.78830106755641e-05	0.000481000481000481
rf_010_010	6.79983055575953e-13	7.44377519949581e-05	0.000481000481000481
