Feature	Gain	Cover	Frequency
ctrx_quarter_normalizado_lag1	0.304102822974593	0.0128935714029226	0.0035778175313059
mcuentas_saldo_rank	0.095663110639363	0.0153692274693614	0.0196779964221825
PC2	0.0621042131827535	0.0137212763320823	0.0107334525939177
ctrx_quarter_lag1	0.0490490946736418	0.0103273451524227	0.0107334525939177
PC1	0.0448562852749142	0.0310698352592284	0.0161001788908766
PC6	0.0293658283050899	0.0041506717057786	0.00715563506261181
mprestamos_personales_rank_lag1	0.0286015034608209	0.0169095599173446	0.0125223613595707
mpayroll_sobre_edad_rank	0.02665784562908	0.0311313164312321	0.0107334525939177
ccomisiones_mantenimiento_tend6	0.0232365168341936	0.0141267110972024	0.00715563506261181
PC4	0.0146284982259652	0.0121373636425922	0.00715563506261181
mactivos_margen_rank	0.0102418729856378	0.0100049152971656	0.0125223613595707
cpayroll_trx_lag1	0.00987071365053295	0.00192562866629437	0.00178890876565295
cproductos_tend6	0.0093693233345418	0.00501481781487817	0.0035778175313059
rf_015_013	0.00931715878037125	0.00279478277380672	0.00178890876565295
mrentabilidad_annual_rank	0.00898156436007082	0.0075389555680791	0.00715563506261181
cproductos_delta1	0.0089727253012036	0.0193403571043838	0.00536672629695886
PC46	0.00626225313962689	0.0125585682750546	0.00894454382826476
rf_018_014	0.00549443854526679	0.00319126707367842	0.00178890876565295
PC16	0.00547012073759487	0.0105051823726554	0.00715563506261181
mcomisiones_mantenimiento_rank_tend6	0.00504943166218991	0.00691934895594421	0.00715563506261181
PC9	0.00487665298286278	0.00962963507567991	0.0143112701252236
PC37	0.00469614036155928	0.00580416360725913	0.00536672629695886
rf_007_002	0.00456205656889947	0.00452115703516691	0.00178890876565295
internet_tend6	0.00445798952602393	0.020974669437475	0.00894454382826476
ccomisiones_otras	0.00432774067703766	0.00912595829914309	0.00894454382826476
mpasivos_margen_rank	0.00430761694221251	0.0158902724106064	0.00715563506261181
foto_mes	0.00416698115293346	0.00493319809606556	0.00715563506261181
Master_fechaalta_lag1	0.00406676557463338	0.00308854982963748	0.00536672629695886
rf_009_013	0.00396066275193711	0.00176569237655843	0.00536672629695886
mcuentas_saldo_rank_tend6	0.00376379511951827	0.00979298106646285	0.0125223613595707
rf_014_014	0.00367244318781266	0.00329984474139389	0.00178890876565295
mprestamos_personales_rank_tend6	0.0035836313570485	0.017212170885266	0.00536672629695886
ctrx_quarter_delta1	0.00342193683389126	0.00527118471234963	0.0035778175313059
rf_009_007	0.00336172356247485	0.00763155026213675	0.00715563506261181
Visa_mconsumototal_rank_tend6	0.00314683402567613	0.0133614463184659	0.0125223613595707
mcomisiones_rank_lag1	0.00311342966493915	0.00827236095265769	0.0107334525939177
PC13	0.00296209752980002	0.020427092759958	0.00894454382826476
mttarjeta_visa_debitos_automaticos_rank_tend6	0.00292863961086667	0.00607374309628772	0.0035778175313059
PC12	0.00287940448405248	0.00351763939577114	0.00715563506261181
PC35	0.00273363333157882	0.00505232452639519	0.00715563506261181
mv_status07_rank_tend6	0.00265114291385867	0.00600874567007925	0.00178890876565295
vmr_mpagominimo_lag1	0.00264611394913409	0.0148632065233548	0.00536672629695886
cprestamos_personales_tend6	0.00261781530769803	0.00969623079925417	0.0035778175313059
Visa_fechaalta_lag1	0.00261777224630284	0.00895941571362859	0.00894454382826476
Visa_fechaalta	0.00258470026258944	0.00750816170549837	0.00894454382826476
PC43	0.00253321356783027	0.0110937820158941	0.0107334525939177
ctrx_quarter_tend6	0.0025080390469164	0.00626415358913124	0.00894454382826476
mtarjeta_visa_consumo_rank	0.0024929984265399	0.0064055496294241	0.00536672629695886
vmr_msaldototal_tend6	0.00248011330116279	0.00886916518904075	0.00536672629695886
ccallcenter_transacciones	0.00238981835265394	0.00644678570146128	0.00178890876565295
mrentabilidad_annual_rank_lag1	0.00235630641489835	0.00506404537374426	0.00715563506261181
kmes_lag1	0.00235010439523265	0.00313660530376867	0.00536672629695886
mactivos_margen_rank_tend6	0.00232731264110599	0.00542579334419963	0.00894454382826476
chomebanking_transacciones_lag1	0.00232259275196701	0.00537645923217581	0.0107334525939177
cliente_antiguedad_lag1	0.0022080434886285	0.00415866319260751	0.00536672629695886
Visa_mlimitecompra_rank_lag1	0.00219801946275356	0.00527544683865838	0.00536672629695886
PC55	0.00218429774377482	0.00274630108704466	0.00536672629695886
cproductos_lag1	0.00217876139809922	0.0141798811229041	0.0107334525939177
vm_Fvencimiento_lag1	0.00201943793798573	0.00213372698331921	0.00715563506261181
PC67	0.00200692896992835	0.00753927522755226	0.0035778175313059
cliente_edad_lag1	0.00198082051247688	0.00465733197073155	0.00715563506261181
PC66	0.00193585926789396	0.00659212420858974	0.00715563506261181
thomebanking	0.0019339387634981	0.000506447158637513	0.00178890876565295
vm_msaldototal_rank_tend6	0.00189308941813756	0.0111993761951934	0.00894454382826476
mcaja_ahorro_rank_tend6	0.00189203345488424	0.0030059711324054	0.00536672629695886
PC51	0.00188437202229551	0.00353916313363034	0.00894454382826476
mcuentas_saldo_rank_delta1	0.0018321674987508	0.00732158712633273	0.00894454382826476
rf_018_008	0.00181650681821805	0.00842153537346402	0.0035778175313059
PC33	0.0017531918279172	0.00100735355307365	0.0035778175313059
PC45	0.00175275847740583	0.00166851589671888	0.00536672629695886
mactivos_margen_rank_lag1	0.00169112596833822	0.00269036067924228	0.00536672629695886
vm_status04_delta1	0.00161608747550814	0.00636825602422252	0.00178890876565295
ccomisiones_mantenimiento_delta1	0.00160514774769174	0.00336878463443796	0.00178890876565295
mpayroll_sobre_edad_rank_tend6	0.00147809551050885	0.0108783315309867	0.00536672629695886
PC57	0.00145806910119501	0.00441716115323335	0.00715563506261181
Master_mlimitecompra_rank_lag1	0.00144276297917988	0.00516420534199994	0.0035778175313059
PC60	0.00142884870360781	0.00553959211664332	0.00715563506261181
vm_mconsumototal_rank_tend6	0.00140475994141461	0.00260426572780548	0.0035778175313059
PC56	0.00140409193573565	0.00379009582005814	0.00715563506261181
PC31	0.0013964747718281	0.0061076270004423	0.00715563506261181
PC23	0.00137866179248233	0.0103987357680943	0.00536672629695886
PC19	0.00137579127145397	0.00666223618636872	0.0125223613595707
Master_Fvencimiento	0.00136334344205449	0.000433884458231002	0.00178890876565295
Master_msaldototal_rank	0.00135249141846482	0.00556793525659652	0.00178890876565295
ccallcenter_transacciones_delta1	0.00132705003674389	0.00594193684018955	0.00178890876565295
Master_fechaalta_tend6	0.00131591186175176	0.00292072860623036	0.00715563506261181
PC50	0.00130111556964274	0.00612531482462363	0.00715563506261181
chomebanking_transacciones_tend6	0.00126595403973893	0.00465147154705702	0.00536672629695886
mttarjeta_visa_debitos_automaticos_rank_lag1	0.00126445038131526	0.0025720866741744	0.0035778175313059
vm_mlimitecompra_rank_tend6	0.00125847366006337	0.00251849043584184	0.00536672629695886
ccomisiones_otras_tend6	0.00125284488678663	0.00265402605246017	0.00536672629695886
mcaja_ahorro_rank_lag1	0.00124482592789034	0.00211145737335598	0.0035778175313059
Master_mfinanciacion_limite_rank_tend6	0.00123810211170949	0.0015661183121511	0.0035778175313059
Visa_fechaalta_tend6	0.00120207956410411	0.00150975169171785	0.0035778175313059
vm_cconsumos_lag1	0.00117446896450851	0.00479723626681635	0.0035778175313059
PC48	0.00117352549244825	0.00259904462307726	0.00536672629695886
mcuenta_corriente_rank_tend6	0.00117122982051855	0.000805115659723343	0.00178890876565295
Visa_cconsumos_tend6	0.00116563819609059	0.00352786849891215	0.00536672629695886
mtransferencias_recibidas_rank_lag1	0.0011205593034871	0.00208513874339943	0.00536672629695886
Visa_Fvencimiento	0.00111783365465451	0.00343633933643169	0.0035778175313059
mtransferencias_recibidas_rank_tend6	0.00109472025291222	0.00183420605697163	0.0035778175313059
Visa_cconsumos_lag1	0.00109039337299926	0.00408258423799628	0.00536672629695886
Visa_mlimitecompra_rank	0.00107903622821962	0.00171902209347759	0.00536672629695886
PC61	0.00107793317030548	0.00203527186558703	0.00536672629695886
mrentabilidad_annual_rank_delta1	0.00107407282349537	0.00257901262942612	0.0035778175313059
PC65	0.00105513106675281	0.00123804113953488	0.0035778175313059
PC17	0.00104996270794099	0.00420181722148363	0.00715563506261181
Visa_mfinanciacion_limite_rank_lag1	0.00101289611460314	0.000585296495349434	0.00178890876565295
ccomisiones_otras_lag1	0.000988595243660576	0.00819724097646592	0.00715563506261181
kmes_tend6	0.000984310176373602	0.00179201100651498	0.0035778175313059
rf_013_006	0.000972839717992084	0.0057490756247185	0.00178890876565295
PC30	0.00096459817144074	0.00683751613081616	0.00536672629695886
ctrx_quarter_normalizado_tend6	0.000952735727526433	0.0023568492955824	0.0035778175313059
mttarjeta_visa_debitos_automaticos_rank_delta1	0.0009474305578932	0.00404614305805645	0.0035778175313059
cprestamos_personales_lag1	0.00094026758993182	0.00398849779973057	0.00178890876565295
vm_mlimitecompra_rank_delta1	0.000932197579321455	0.0020305835266474	0.0035778175313059
mpasivos_margen_rank_lag1	0.000931645544483354	0.00178103603126994	0.0035778175313059
PC8	0.000918857068291427	0.00119595264223595	0.0035778175313059
Visa_mpagominimo_rank_tend6	0.000895319610067767	0.00208748291286925	0.0035778175313059
PC42	0.000890332992085499	0.00102035303831534	0.0035778175313059
vmr_msaldototal_delta1	0.000886914185332556	0.00173393953555823	0.00178890876565295
PC54	0.000849996465556201	0.00308215664017436	0.0035778175313059
ctarjeta_visa_transacciones_delta1	0.000839061493839654	0.00818594634174773	0.0035778175313059
mrentabilidad_rank_lag1	0.000800702329461911	0.00160703472471512	0.00536672629695886
mcomisiones_rank_delta1	0.000790470668738981	0.00220511759899081	0.0035778175313059
Master_Fvencimiento_lag1	0.000786910880714101	0.00242067463705597	0.0035778175313059
vm_status01_tend6	0.000777066866673688	0.00048609550551322	0.00178890876565295
mrentabilidad_annual_rank_tend6	0.000768672677678967	0.00281950310639748	0.0035778175313059
PC34	0.000761233068469499	0.00360597196352003	0.0035778175313059
ccallcenter_transacciones_tend6	0.000760737299601736	0.00220724866214519	0.00178890876565295
mpayroll_rank_tend6	0.000749405826239233	0.00310549178171478	0.0035778175313059
Visa_mfinanciacion_limite_rank_delta1	0.000732467977107802	0.00276004644439039	0.00715563506261181
Master_mfinanciacion_limite_rank	0.000716497716812857	0.000444646327160602	0.00178890876565295
PC11	0.000710969997022494	0.00685147459447733	0.00715563506261181
PC25	0.000704113772667737	0.00182717354856219	0.0035778175313059
PC22	0.000680793560640053	0.00191465369104933	0.0035778175313059
mrentabilidad_rank	0.000680563157054847	0.00120223927854136	0.0035778175313059
Master_fechaalta	0.000673726241692059	0.00123122173744087	0.00178890876565295
mcomisiones_mantenimiento_rank_delta1	0.000659745751610502	0.00191401437210302	0.00178890876565295
PC32	0.0006435665252914	0.00286457509211254	0.0035778175313059
thomebanking_delta1	0.000625147525010748	0.00554300181769032	0.00178890876565295
rf_012_002	0.000620106582768635	0.00565690714329173	0.00178890876565295
mpayroll_rank_delta1	0.000599829976421901	0.00644678570146128	0.00178890876565295
PC27	0.000592795589816877	0.00563048196017746	0.00894454382826476
cprestamos_personales_delta1	0.000589990871200149	0.00644678570146128	0.00178890876565295
ctarjeta_visa_transacciones	0.000582283196857861	0.00581726964565854	0.00178890876565295
thomebanking_tend6	0.000580001403408575	0.00192040756156615	0.00178890876565295
Master_mpagominimo_rank	0.000559665498532419	0.00602185170847866	0.00178890876565295
vm_msaldototal_rank_lag1	0.000559216112546758	0.000450826410308294	0.00178890876565295
vm_fechaalta_lag1	0.000558685916497454	0.00284656760845806	0.00178890876565295
mcomisiones_rank_tend6	0.000558276237400515	0.000854130112273997	0.00178890876565295
PC59	0.000551407207455199	0.00121491910430989	0.00178890876565295
mcuenta_corriente_rank_delta1	0.000540766459420691	0.00346851839006277	0.00178890876565295
rf_015_010	0.00053132499032743	0.00613543737460691	0.00178890876565295
Visa_mpagominimo_rank	0.000523170897107649	0.0012359100763805	0.0035778175313059
PC58	0.000521790673656324	0.00506638954321407	0.0035778175313059
Master_fultimo_cierre_tend6	0.000520004599986614	0.00117805171173919	0.00178890876565295
Visa_fultimo_cierre_tend6	0.000515452614092366	0.00246745147329453	0.00536672629695886
mactivos_margen_rank_delta1	0.000508556493092731	0.00133766834200197	0.00178890876565295
PC21	0.000506597939898012	0.000764412353474757	0.00178890876565295
Master_mfinanciacion_limite_rank_lag1	0.000497446418360313	0.000472776360798369	0.00178890876565295
mttarjeta_visa_debitos_automaticos_rank	0.000495360584951964	0.00110016135344673	0.00178890876565295
Master_mlimitecompra_rank	0.000492206611105576	0.00127480197894787	0.0035778175313059
PC47	0.000488376421392082	0.000923283111633506	0.0035778175313059
mpayroll_sobre_edad_rank_lag1	0.00047184018760027	0.00139616602558959	0.00178890876565295
Visa_msaldototal_rank_delta1	0.000468692871244723	0.00301002015239872	0.0035778175313059
rf_018_003	0.000462047159823013	0.00171444030769569	0.00178890876565295
vm_mpagominimo_rank_delta1	0.000441555612669854	0.00177773288338066	0.00178890876565295
vm_mpagominimo_rank_tend6	0.000441517520237047	0.000872563808559351	0.00178890876565295
vm_fechaalta_tend6	0.000435431414142661	0.000789878558169553	0.00178890876565295
PC29	0.000434594951442872	0.000597869767960254	0.00178890876565295
numero_de_cliente	0.000406202617021311	0.00134757778566982	0.0035778175313059
PC7	0.000404760895310324	0.00136739667300551	0.0035778175313059
PC26	0.000402133479063707	0.00102877073777513	0.00178890876565295
PC15	0.000390595835317452	0.00172456285767897	0.00178890876565295
PC53	0.000385799112257954	0.000805754978669656	0.00178890876565295
rf_012_001	0.000383067365581739	0.00116238839755452	0.00178890876565295
PC62	0.000347765912529134	0.000443474242425695	0.00178890876565295
vmr_Master_mlimitecompra	0.000335171498301595	0.00137996994561633	0.00178890876565295
rf_006_014	0.000334448200234664	0.000495791842865632	0.00178890876565295
vm_mconsumototal_rank_lag1	0.000320687668863053	0.00104347507354033	0.00178890876565295
Visa_mpagominimo_rank_lag1	0.000318515963853599	0.00101225499832871	0.00178890876565295
mrentabilidad_rank_delta1	0.000310639557051212	0.00291113882203566	0.00178890876565295
vm_mconsumototal_rank_delta1	0.00030356704020968	0.00243942799281448	0.00178890876565295
PC41	0.000299480546850989	0.000504848861271731	0.00178890876565295
ctrx_quarter_normalizado_delta1	0.000295317148666613	0.00165572951779262	0.0035778175313059
PC14	0.00029103164089093	0.00110751352132933	0.00178890876565295
vm_fultimo_cierre	0.000280980125631485	0.000499308097070353	0.00178890876565295
mpasivos_margen_rank_delta1	0.000279779308593723	0.000966437140509625	0.0035778175313059
cliente_edad_tend6	0.000276089960481658	0.00104517992406383	0.00178890876565295
Visa_Fvencimiento_lag1	0.000274825710598313	0.000547470124359256	0.00178890876565295
vm_cconsumos_delta1	0.000268770475519061	0.00211848988176542	0.00178890876565295
vm_Fvencimiento	0.000255257730404957	0.0013611100367001	0.0035778175313059
ccomisiones_otras_delta1	0.000244496607228402	0.00124752437057185	0.00178890876565295
PC39	0.000241025941533429	0.00113234040707781	0.00178890876565295
ctarjeta_visa_transacciones_lag1	0.000224375119551347	0.000804050128146155	0.00178890876565295
PC63	0.000215571469629405	0.000552265016456603	0.00178890876565295
PC38	0.000210115425068403	0.00104272920143629	0.0035778175313059
Visa_mlimitecompra_rank_tend6	0.00020825643532906	0.00042781092824103	0.00178890876565295
vm_Fvencimiento_tend6	0.000207904789377177	0.000713799603558321	0.00178890876565295
Master_msaldototal_rank_tend6	0.000179004163146026	0.00139158423980768	0.00178890876565295
Visa_cconsumos	0.000164360118847014	0.00337496471758565	0.00536672629695886
vmr_mpagominimo_delta1	0.000147591127164908	0.000654023282078068	0.00178890876565295
PC5	0.000131408146682373	0.00197464311884502	0.00536672629695886
Master_mpagominimo_rank_tend6	0.000112691335472096	0.00237560265134091	0.00178890876565295
vmr_mpagominimo_tend6	0.000104022994409416	0.00255077604263064	0.0035778175313059
Visa_mconsumototal_rank_delta1	8.94947401619938e-05	0.000488652781298472	0.00178890876565295
mcomisiones_rank	8.94490881484489e-05	0.00218178245745039	0.00178890876565295
PC49	8.89397293950248e-05	0.00394779449348198	0.00536672629695886
mpasivos_margen_rank_tend6	8.42114549968429e-05	0.000648802177349846	0.00178890876565295
Visa_msaldototal_rank_tend6	8.07531891378159e-05	0.00452627158673741	0.00536672629695886
PC3	6.32540613646247e-05	0.00229632710199812	0.00536672629695886
Master_mpagominimo_rank_lag1	3.94735698443472e-05	0.000470325638170836	0.00178890876565295
chomebanking_transacciones	3.59028978776479e-05	0.000433458245600127	0.00178890876565295
Visa_fultimo_cierre_lag1	2.79620082879098e-05	0.000565157948540579	0.00178890876565295
mcaja_ahorro_rank_delta1	2.56019491793217e-05	0.00130857932994473	0.00178890876565295
PC36	2.24144650515225e-05	0.000519553197036927	0.00178890876565295
Visa_Fvencimiento_tend6	2.13653168747704e-05	0.00118252694436338	0.00178890876565295
PC24	1.47738451721403e-05	0.00169558039877946	0.00178890876565295
PC20	1.06878358775115e-05	0.00158274060475523	0.00178890876565295
vm_mfinanciacion_limite_rank_tend6	9.49467046083742e-06	0.000437933478224317	0.00178890876565295
mtarjeta_visa_consumo_rank_lag1	9.42795007031282e-06	0.000766756522944571	0.00178890876565295
mcuenta_corriente_rank_lag1	3.35351094250102e-06	0.000995313046251423	0.00178890876565295
ctarjeta_master_transacciones_tend6	1.85251913230008e-06	0.00105530247404711	0.00178890876565295
mprestamos_personales_rank_delta1	1.18208691178171e-06	0.0010365491182886	0.00178890876565295
Visa_cconsumos_delta1	7.70731295608079e-08	0.000896431715888365	0.00178890876565295
mpayroll_rank_lag1	4.11497147519815e-10	0.000740757552461181	0.00178890876565295
PC10	3.28174610529532e-10	0.000591796237970282	0.00178890876565295
