Feature	Gain	Cover	Frequency
rf_002_000	0.295570941575923	0.00814318034304904	0.00464396284829721
ctrx_quarter_normalizado_lag1	0.116284036465744	0.017782904302956	0.00619195046439629
mpayroll_sobre_edad_rank	0.0505610878681495	0.02513933989066	0.0108359133126935
PC1	0.0461937469495103	0.0458034537782655	0.0232198142414861
PC2	0.03820959133498	0.0187816403976266	0.0123839009287926
mpasivos_margen_rank	0.0297930620074618	0.000923950927966279	0.00154798761609907
mprestamos_personales_rank_lag1	0.0230080020042227	0.0118914417079636	0.00619195046439629
rf_005_003	0.0185390859190122	0.0061171385394613	0.00154798761609907
ccomisiones_mantenimiento_tend6	0.0153217147165566	0.0117071797001127	0.00464396284829721
PC13	0.0150599593619704	0.00379735788687609	0.00619195046439629
mcuentas_saldo_rank	0.0111712901585396	0.0185605259882056	0.0139318885448916
PC4	0.00929912304802112	0.00842539531403108	0.00773993808049536
cproductos_delta1	0.00927270752613389	0.0102895026234228	0.00309597523219814
cproductos_tend6	0.0091511531591092	0.001232694826463	0.00154798761609907
PC6	0.00816746862706435	0.00507290713470897	0.00773993808049536
mrentabilidad_annual_rank_delta1	0.00746960135942884	0.00839274432632069	0.0139318885448916
PC12	0.00693293101573319	0.00332007727240371	0.00773993808049536
rf_015_013	0.00605069569771394	0.00301397426261886	0.00154798761609907
mttarjeta_visa_debitos_automaticos_rank_tend6	0.00597734244359984	0.00816442749313999	0.0108359133126935
mrentabilidad_annual_rank	0.00526665361562261	0.00415423798416643	0.00619195046439629
cdescubierto_preacordado_tend6	0.0051249768864886	0.0217884122364858	0.00464396284829721
mcomisiones_mantenimiento_rank_tend6	0.00469803966092911	0.00405004292044359	0.00309597523219814
mrentabilidad_annual_rank_lag1	0.00463881893105412	0.0019157246796692	0.00464396284829721
mcuentas_saldo_rank_delta1	0.00458671007946075	0.0165929438574669	0.0154798761609907
rf_004_008	0.00451826066348884	0.00509343404242396	0.00154798761609907
mactivos_margen_rank_lag1	0.00447592441639307	0.00702416377159242	0.00773993808049536
mcuentas_saldo_rank_tend6	0.00440653503099948	0.0117280667290156	0.0123839009287926
rf_007_002	0.0043343729770785	0.00496355033395838	0.00154798761609907
cpayroll_trx_lag1	0.00427642661716768	0.00186434739018374	0.00154798761609907
mactivos_margen_rank	0.00427160715672545	0.0165768584444037	0.0123839009287926
kmes_tend6	0.00426540093147765	0.00068122924726629	0.00309597523219814
Visa_fechaalta	0.00402264389412253	0.00718153673074063	0.00928792569659443
rf_009_013	0.0039694235706091	0.00271987529243341	0.00464396284829721
internet_tend6	0.00391915645524545	0.0120629794338391	0.00619195046439629
ccallcenter_transacciones	0.00389514699918548	0.00423958670571821	0.00309597523219814
PC19	0.00378765224152625	0.00660726347630505	0.0139318885448916
Visa_status	0.00365009009923358	0.00726280407882861	0.00154798761609907
rf_018_014	0.00353757403083552	0.00371753102354004	0.00154798761609907
cprestamos_personales_tend6	0.00325873372975901	0.00235867374088728	0.00154798761609907
ccomisiones_otras	0.00319911951012625	0.0126666625852932	0.00928792569659443
cprestamos_personales_lag1	0.00316510428453377	0.0110758872575799	0.00309597523219814
rf_018_008	0.00308354215550467	0.0120420924049361	0.00309597523219814
ctrx_quarter_delta1	0.00299199495558159	0.00438819671595885	0.00619195046439629
PC66	0.00293794857608789	0.00507926927569666	0.0108359133126935
foto_mes	0.00285126436318686	0.00116427180074639	0.00154798761609907
PC46	0.00270898135044669	0.00494842524406313	0.00773993808049536
Visa_mconsumototal_rank_tend6	0.0026276439662791	0.00901155256767007	0.0123839009287926
Visa_mpagominimo_rank_tend6	0.00261825130140612	0.00985303574358843	0.0154798761609907
rf_009_007	0.00253815652478129	0.00260655715861502	0.00309597523219814
PC16	0.00251801269090218	0.00574693395821562	0.00464396284829721
Master_Fvencimiento	0.00248258181944168	0.0037223326393798	0.00928792569659443
PC28	0.00244504288264446	0.00205677214496222	0.00464396284829721
mprestamos_personales_rank_tend6	0.00231927452929942	0.00502633146106328	0.00309597523219814
mrentabilidad_annual_rank_tend6	0.00220111905718077	0.00253345255745464	0.00773993808049536
mcomisiones_mantenimiento_rank_delta1	0.00209807458136822	0.00930529141666754	0.00464396284829721
PC14	0.0020875650806553	0.00598557426545181	0.00619195046439629
vm_status06_delta1	0.00207314122637704	0.0043589068593363	0.00154798761609907
Visa_cconsumos_tend6	0.00206147853735455	0.00384237303537386	0.00773993808049536
ccomisiones_mantenimiento_delta1	0.00202574644821631	0.00432385506370604	0.00154798761609907
Master_mlimitecompra_rank_lag1	0.00198699825641701	0.00520531169149042	0.00464396284829721
PC9	0.00197954614506243	0.00560300552341874	0.00773993808049536
vm_status02	0.0019600853222787	0.00726280407882861	0.00154798761609907
PC50	0.00186250039808228	0.00796660092054178	0.0108359133126935
PC17	0.00185756456699038	0.0027604489462794	0.00619195046439629
Master_mfinanciacion_limite_rank_tend6	0.00184703124532357	0.00179568428367514	0.00619195046439629
PC10	0.00182290622529336	0.00182857535217752	0.00619195046439629
mpayroll_sobre_edad_rank_tend6	0.00181457125763728	0.0110977346096508	0.00619195046439629
vmr_msaldototal_lag1	0.00180400160305771	0.00131252168979905	0.00309597523219814
Visa_mlimitecompra_rank	0.00180176520247816	0.00300521131371129	0.00309597523219814
Visa_cconsumos_lag1	0.00178265009561559	0.00546988072426133	0.00619195046439629
Visa_mlimitecompra_rank_tend6	0.00173728919169426	0.00517602183486787	0.00619195046439629
mtarjeta_visa_consumo_rank_tend6	0.00173449632670901	0.00120220456588051	0.00309597523219814
PC30	0.0017329817200105	0.0173407955245099	0.0154798761609907
mtarjeta_visa_consumo_rank	0.00171086260392277	0.00437439207041954	0.00464396284829721
mcaja_ahorro_rank_lag1	0.00167390264057806	0.00562173182519381	0.00464396284829721
cliente_edad_lag1	0.00165731905764236	0.00536832654925035	0.00619195046439629
PC51	0.0016485255869822	0.00612218023609305	0.00619195046439629
mcaja_ahorro_rank_tend6	0.00164254179868818	0.000874734365608715	0.00309597523219814
PC25	0.00157965086725796	0.00303714205904571	0.00773993808049536
mcuenta_corriente_rank_lag1	0.00153359746045929	0.00717997620559271	0.00309597523219814
PC62	0.00151138301087426	0.00366303268375874	0.00619195046439629
cproductos_lag1	0.00150403537518697	0.0141030659637581	0.0108359133126935
vm_status01	0.0014889547458143	0.00151442963586106	0.00154798761609907
mpayroll_rank_tend6	0.00144802331521927	0.00349689677570296	0.00619195046439629
Master_fechaalta_lag1	0.00144304077075321	0.00162318623463168	0.00309597523219814
PC31	0.00142585843313269	0.00565450285330019	0.00773993808049536
Master_fechaalta_tend6	0.0014252894447101	0.00422386141384299	0.00464396284829721
vmr_msaldototal_tend6	0.00142129397181283	0.00399026280323855	0.00464396284829721
chomebanking_transacciones_lag1	0.0013908740733382	0.00104183059683245	0.00464396284829721
internet_lag1	0.0013836786131853	0.00726280407882861	0.00154798761609907
cprestamos_personales_delta1	0.00138013522643316	0.0135439177992178	0.00309597523219814
chomebanking_transacciones_tend6	0.00137875294720739	0.00498575780721729	0.00619195046439629
mpasivos_margen_rank_tend6	0.00137658974477906	0.00408569491805382	0.00619195046439629
PC33	0.00137381777100587	0.00327914349736973	0.00619195046439629
mcuenta_corriente_rank_tend6	0.00137368738561316	0.00582351973085983	0.00309597523219814
mactivos_margen_rank_tend6	0.00136473935466985	0.00283019241635195	0.00619195046439629
thomebanking	0.00134673777242626	0.00112081717739654	0.00309597523219814
vmr_mpagominimo_lag1	0.0013198028628384	0.00586973528331754	0.00619195046439629
PC61	0.00131288221049396	0.0043549455262685	0.00619195046439629
Visa_cconsumos_delta1	0.00130733512289984	0.00192256698224086	0.00309597523219814
mcomisiones_rank_lag1	0.00128509686087245	0.00104567188950426	0.00309597523219814
rf_013_012	0.00128470165320287	0.00391883876762208	0.00154798761609907
PC55	0.00127959751597729	0.00405916599053914	0.00619195046439629
vmr_mconsumototal_tend6	0.00125648765692148	0.00106667895880322	0.00154798761609907
PC37	0.00119119409318242	0.00110221091601746	0.00309597523219814
PC52	0.00118549955740179	0.000769098817133942	0.00309597523219814
mpasivos_margen_rank_lag1	0.00117372882853729	0.00758703318840856	0.00309597523219814
rf_002_002	0.00116377682212601	0.00188775526740259	0.00154798761609907
mpayroll_rank_delta1	0.00115829044448561	0.0109875375261283	0.00464396284829721
vm_mlimitecompra_rank_tend6	0.00115211320243867	0.00174766812527752	0.00464396284829721
ctarjeta_visa_transacciones_delta1	0.0011452446264321	0.00968617959315669	0.00464396284829721
PC57	0.00114352980572531	0.00122081082725959	0.00464396284829721
Master_Fvencimiento_lag1	0.00113788811822118	0.00878851751191311	0.00928792569659443
Master_fechaalta	0.00111661001696283	0.000940156381425477	0.00154798761609907
PC43	0.0010582115696202	0.00357336250795118	0.00619195046439629
mttarjeta_visa_debitos_automaticos_rank_lag1	0.0010541996171013	0.00179004238506342	0.00154798761609907
vm_mlimitecompra_rank_delta1	0.0010236780368408	0.00499524099850082	0.00619195046439629
vm_cconsumos_tend6	0.00102046886378482	0.00382040564290695	0.00464396284829721
PC38	0.00100397288046751	0.00150938793922931	0.00309597523219814
ccallcenter_transacciones_delta1	0.000999011210689579	0.00905728795854381	0.00309597523219814
mprestamos_personales_rank_delta1	0.000998556100420997	0.00984943453170861	0.00464396284829721
vm_mfinanciacion_limite_rank_lag1	0.000982584274074329	0.00459514635865261	0.00309597523219814
ctrx_quarter_tend6	0.000961476151185448	0.00131168140702709	0.00464396284829721
vm_Fvencimiento_tend6	0.000945852022706708	0.00230153451239411	0.00309597523219814
vm_mconsumototal_rank_tend6	0.00093726760460895	0.00173038230825437	0.00309597523219814
vm_mpagominimo_rank_lag1	0.000931104911615322	0.00116067058886657	0.00154798761609907
ctrx_quarter_normalizado_tend6	0.00091570440390172	0.00280642441794513	0.00464396284829721
Visa_mconsumototal_rank_lag1	0.000902997919801455	0.002323982066445	0.00309597523219814
PC23	0.00085245417071927	0.004223621333051	0.00464396284829721
vm_msaldototal_rank_tend6	0.0008509612464325	0.0115436846807688	0.00928792569659443
cliente_antiguedad_lag1	0.000845814593350405	0.00190023946858597	0.00309597523219814
PC54	0.000823348630694645	0.00094231710855337	0.00309597523219814
Visa_mconsumototal_rank	0.000821356114011815	0.0010812038467185	0.00154798761609907
mtarjeta_master_consumo_rank	0.000816741635488063	0.00455577310876656	0.00154798761609907
PC20	0.00080965586067075	0.00152199218080869	0.00154798761609907
PC65	0.000797725444030045	0.0010286261532731	0.00309597523219814
Visa_mfinanciacion_limite_rank	0.000767499809060168	0.00409337750339744	0.00309597523219814
ctarjeta_visa_transacciones	0.00076107968122347	0.00688335638709139	0.00154798761609907
PC44	0.000757116600529411	0.0021846151666959	0.00309597523219814
Visa_mconsumototal_rank_delta1	0.00073400781399854	0.00278865843933801	0.00309597523219814
PC21	0.00072888400157538	0.00180072598030689	0.00464396284829721
vm_fechaalta_lag1	0.000728306542755241	0.00169304974510022	0.00154798761609907
rf_020_002	0.00071551127455023	0.00480017535501047	0.00154798761609907
PC7	0.000709494756758576	0.00135573623235691	0.00464396284829721
rf_001_004	0.000703859729896215	0.00640595573222301	0.00154798761609907
mrentabilidad_rank_lag1	0.000693857425977714	0.00106931984751509	0.00464396284829721
Visa_mfinanciacion_limite_rank_lag1	0.000685502410815655	0.000783623705049223	0.00154798761609907
vm_Fvencimiento_lag1	0.000675812877497129	0.00043610675864642	0.00154798761609907
vmr_Visa_mlimitecompra_lag1	0.000666212817451832	0.000410298073507697	0.00154798761609907
PC45	0.000665899695041675	0.00288745168524112	0.00619195046439629
vm_mfinanciacion_limite_rank_delta1	0.000655314010401414	0.00248147506598921	0.00154798761609907
mtransferencias_recibidas_rank_tend6	0.000654044089133736	0.000494086269911551	0.00154798761609907
PC42	0.000648710124742887	0.00188163320720689	0.00309597523219814
Master_mconsumototal_rank_lag1	0.00064574780357454	0.00124998064348615	0.00309597523219814
Visa_Fvencimiento	0.000645657830957827	0.00077378039257771	0.00309597523219814
Visa_fechaalta_lag1	0.000639291666843482	0.000780382614357384	0.00154798761609907
PC3	0.000627826740467624	0.00149390272814608	0.00309597523219814
rf_013_014	0.000626313275764697	0.00701263989357699	0.00154798761609907
mpasivos_margen_rank_delta1	0.000622269002103977	0.00177239644685229	0.00309597523219814
PC35	0.000616818321848271	0.00216264777422898	0.00464396284829721
PC8	0.000605093924435449	0.000858408871753523	0.00309597523219814
rf_015_002	0.000585597443667004	0.00461135181211181	0.00154798761609907
PC60	0.000568312237742454	0.00319211421027404	0.00309597523219814
mcuentas_saldo_rank_lag1	0.000564216645190112	0.000961163450724438	0.00154798761609907
Master_cconsumos_tend6	0.000562004837277118	0.00165535706075809	0.00309597523219814
kmes_lag1	0.000554501146010456	0.00509331400202796	0.00154798761609907
ccomisiones_otras_tend6	0.000552133077633345	0.00316426483840342	0.00154798761609907
PC18	0.000551724410387152	0.00141791715748184	0.00309597523219814
rf_020_000	0.00053986048587073	0.000494446391099533	0.00154798761609907
PC24	0.000531128701096111	0.00356207871072773	0.00773993808049536
vm_msaldototal_rank_lag1	0.000528572281693086	0.00234787010524782	0.00154798761609907
PC32	0.000520435298053768	0.000367923813721794	0.00154798761609907
PC64	0.000502048279384669	0.0010974093001777	0.00309597523219814
ccallcenter_transacciones_tend6	0.000493596523870322	0.00317110714097508	0.00309597523219814
PC48	0.000493452110519719	0.0106862361321832	0.0154798761609907
rf_015_008	0.000487272172325107	0.00121096751478808	0.00154798761609907
vm_fultimo_cierre_tend6	0.00047913051301499	0.0008568483466056	0.00154798761609907
Visa_mfinanciacion_limite_rank_delta1	0.000453023655443267	0.0003172667666123	0.00154798761609907
mttarjeta_visa_debitos_automaticos_rank	0.000445511168922069	0.000799589077716433	0.00154798761609907
Visa_mlimitecompra_rank_lag1	0.000443679497584429	0.00247775381371339	0.00309597523219814
PC36	0.000443386825559656	0.000468997827148792	0.00154798761609907
PC63	0.000442933580558865	0.0022531582328085	0.00309597523219814
rf_001_006	0.000439645834972728	0.00282058918467243	0.00154798761609907
PC11	0.000409489664910589	0.000540421862765258	0.00154798761609907
Visa_Fvencimiento_tend6	0.000396031313954658	0.00259563348257956	0.00154798761609907
vm_msaldototal_rank_delta1	0.000395656760947344	0.000379687772529212	0.00154798761609907
mtransferencias_recibidas_rank_lag1	0.000383520794952391	0.00132620629494237	0.00309597523219814
vm_Fvencimiento	0.000374085712603326	0.000714720517748633	0.00154798761609907
Visa_mpagominimo_rank_lag1	0.000367683493619747	0.000539221458805317	0.00154798761609907
PC47	0.000367235991069014	0.000660342218363324	0.00154798761609907
Visa_fechaalta_tend6	0.000360169463673238	0.00229817338130628	0.00154798761609907
PC26	0.000352301921238005	0.000852526892349814	0.00309597523219814
Master_mlimitecompra_rank	0.000341444247607022	0.00192460766897276	0.00309597523219814
Visa_msaldototal_rank_delta1	0.000340690187878065	0.00126534581417339	0.00154798761609907
thomebanking_tend6	0.000340404744985084	0.000993094196058858	0.00154798761609907
PC29	0.000330192898383058	0.00115923010411464	0.00309597523219814
PC53	0.000328779801720269	0.000725764234180086	0.00154798761609907
PC41	0.000328447579421877	0.00129799680188377	0.00154798761609907
Visa_fechaalta_delta1	0.000321204284433024	0.00035748029927031	0.00154798761609907
Master_mpagominimo_rank_tend6	0.000314515734797147	0.00642168102409823	0.00464396284829721
Master_fultimo_cierre_lag1	0.000312280585135815	0.00039265213529657	0.00154798761609907
Visa_Fvencimiento_lag1	0.000309725739598531	0.000449311202205766	0.00154798761609907
Visa_mpagominimo_rank	0.000302495630686511	0.00450475594046909	0.00309597523219814
mrentabilidad_rank	0.000290351394027138	0.000375366318273425	0.00154798761609907
rf_019_015	0.000278006874105501	0.000311264746812597	0.00154798761609907
vm_fultimo_cierre	0.000270678282170733	0.00106787936276316	0.00154798761609907
PC49	0.000267323278422015	0.00251232544775968	0.00309597523219814
chomebanking_transacciones	0.000265825728874028	0.00130856035673125	0.00464396284829721
Master_fultimo_cierre_tend6	0.000262981401719623	0.000302141676717049	0.00154798761609907
vm_fultimo_cierre_lag1	0.000248709393255136	0.000489524734863776	0.00154798761609907
ctarjeta_master_transacciones_tend6	0.000235163067056426	0.00126426545060944	0.00154798761609907
PC27	0.000226955117061727	0.00486763805755913	0.00309597523219814
PC59	0.000226055541265081	0.00114506533738734	0.00154798761609907
vm_mpagominimo_rank_delta1	0.000213005372397754	0.000877495294716578	0.00309597523219814
rf_017_014	0.000204879019667708	0.000318587210968235	0.00154798761609907
ccomisiones_otras_lag1	0.000177698766535119	0.000676067510238546	0.00154798761609907
mrentabilidad_rank_delta1	0.000177277286589094	0.000840642893146402	0.00154798761609907
Visa_fultimo_cierre_lag1	0.000167651340123675	0.000390611448564671	0.00154798761609907
mpayroll_rank_lag1	0.000158602473620292	0.0017359041664701	0.00309597523219814
Master_mconsumototal_rank	0.000146394928534042	0.00197910600875407	0.00464396284829721
Visa_mpagominimo_rank_delta1	0.000143286135878017	0.000511252046538701	0.00154798761609907
PC67	0.000135501175208509	0.00219697932748328	0.00309597523219814
numero_de_cliente	0.000124680773596501	0.00152763407942041	0.00309597523219814
Master_mfinanciacion_limite_rank_delta1	7.24310660017536e-05	0.000909546080446992	0.00154798761609907
mactivos_margen_rank_delta1	7.21431377400713e-05	0.000329150765815712	0.00154798761609907
Master_mfinanciacion_limite_rank_lag1	6.65541563625732e-05	0.000719162012400413	0.00154798761609907
Master_Fvencimiento_tend6	6.35504577774076e-05	0.000346916744422833	0.00154798761609907
mttarjeta_visa_debitos_automaticos_rank_delta1	5.68185245615686e-05	0.00204248733783893	0.00154798761609907
Visa_msaldototal_rank_lag1	5.52708151095338e-05	0.000323388826807997	0.00154798761609907
PC58	5.04520937524094e-05	0.000545943720980985	0.00154798761609907
Master_mlimitecompra_rank_tend6	4.10915228137387e-05	0.000542342509101163	0.00154798761609907
mcaja_ahorro_rank_delta1	1.44052551521005e-05	0.00185066278504042	0.00154798761609907
vmr_mpagominimo_tend6	5.7833240065955e-07	0.000771979786637799	0.00309597523219814
ctrx_quarter_lag1	5.50033855283951e-07	0.00176723470982455	0.00309597523219814
PC5	1.07431505083729e-07	0.00181056929277841	0.00309597523219814
vmr_Master_mlimitecompra_delta1	1.55816090974216e-08	0.00131852370959875	0.00154798761609907
rf_001_015	7.88455751787762e-09	0.00124013733101463	0.00154798761609907
Visa_msaldototal_rank_tend6	3.6035180592107e-09	0.00221774631599026	0.00309597523219814
PC15	1.0756890467929e-09	0.00121768977696374	0.00464396284829721
Master_msaldototal_rank_tend6	9.14758664356399e-10	0.00106175730256746	0.00154798761609907
