Feature	Gain	Cover	Frequency
ctrx_quarter_normalizado	0.109186610864346	0.00161899673909929	0.00184622485480211
ctrx_quarter	0.0525844592207437	0.00363383635068022	0.00430785799453825
rf_006_000	0.027723427599694	0.00038427826807701	0.000230778106850264
PC15	0.0198117239716803	0.00344728365614241	0.00553867456440632
rf_015_001	0.0152603518032249	0.000241059108146849	3.84630178083772e-05
mprestamos_personales_rank	0.0136480121370356	0.0122211797055129	0.00265394822877803
cpayroll_trx	0.0127533847106282	0.00211992647975762	0.00042309319589215
rf_002_003	0.0111174817166053	0.000845178025028372	0.000192315089041886
mcuentas_saldo_rank	0.0107115362723582	0.00765270395271258	0.00607715681372361
PC3	0.0100940124557142	0.00222594478389313	0.00430785799453825
mcuentas_saldo_rank_tend6	0.00938185190381176	0.00543455450434399	0.00711565829454979
PC4	0.00886661740588825	0.00282565026123144	0.0033847455671372
ccomisiones_mantenimiento_tend6	0.00747689473099692	0.00318605939473751	0.00138466864110158
rf_008_003	0.00673405406248456	0.000234826321730803	3.84630178083772e-05
numero_de_cliente	0.0065630076950406	0.00678712138667972	0.00969268048771107
mrentabilidad_annual_rank_lag1	0.0062001977592746	0.00465646598337772	0.00503865533289742
mcaja_ahorro_rank	0.00591743978021551	0.00244092803769742	0.00426939497672987
PC2	0.00566038892262948	0.00243993566667588	0.00315396746028693
mpayroll_rank	0.00556398408812562	0.00140541934424219	0.000653871302742413
Master_fechaalta	0.00550294394709424	0.00418202558498759	0.00457709911919689
cliente_edad_lag1	0.00521780085238846	0.0054582756537626	0.006423323973999
mrentabilidad_annual_rank_delta1	0.00521164001558287	0.00661435742633607	0.00650025000961576
mcuentas_saldo_rank_delta1	0.00494716625525276	0.00502756922039233	0.00653871302742413
PC36	0.00490387742089343	0.00242920674313149	0.00453863610138852
mactivos_margen_rank_tend6	0.00485261236470542	0.00607391565000396	0.00653871302742413
PC55	0.00484436915890018	0.0047796592701932	0.00650025000961576
PC58	0.00476779798278338	0.0051531259171407	0.00634639793838225
mcomisiones_mantenimiento_rank_tend6	0.0047489477583749	0.00745048224204505	0.00515404438632255
Visa_mlimitecompra_rank_tend6	0.00473058319727088	0.00739046120525924	0.00757721450825032
PC39	0.00472626567050165	0.00334559609396498	0.0050771183507058
cproductos_delta1	0.0046411257589325	0.00292982745597171	0.00069233432055079
Master_mlimitecompra_rank_tend6	0.00445932986619323	0.00568746112968671	0.00753875149044194
mrentabilidad_annual_rank_tend6	0.00445193278026251	0.0068777405299633	0.0081156967575676
cliente_edad	0.00440555124216658	0.00423550916004372	0.00626947190276549
mactivos_margen_rank	0.00436564219595651	0.00612169744419065	0.00380783876302935
rf_013_009	0.00436248793563595	0.000289467662978736	0.000115389053425132
mcomisiones_rank_tend6	0.00433614179256968	0.00564999041861426	0.00638486095619062
Visa_mfinanciacion_limite_rank_tend6	0.00433481262430192	0.00630136882914483	0.00838493788222624
PC61	0.00427447680202755	0.00477714352260349	0.00730797338359168
internet_tend6	0.00427435619416855	0.0109537869833557	0.00565406361783146
rf_013_012	0.004265157810509	0.000180877028695266	0.000153852071233509
chomebanking_transacciones_tend6	0.00414023877828104	0.00496404441749973	0.00550021154659795
Master_mfinanciacion_limite_rank_tend6	0.00410801059288651	0.00457369005316798	0.0069233432055079
PC59	0.0040370020159869	0.00567571807259837	0.00734643640140005
cproductos	0.00402871802378475	0.00491928761392697	0.00330781953152044
PC57	0.00401495610351129	0.00564688708291968	0.00619254586714874
mrentabilidad_rank_tend6	0.00400453787763699	0.00644561953263686	0.00576945267125659
PC42	0.00399669830078417	0.00513088897174994	0.00561560060002308
Visa_Fvencimiento_lag1	0.00394096609996491	0.00291138589448792	0.00484634024385553
PC1	0.00393555574022842	0.0033455482164157	0.00446171006577176
Master_Fvencimiento_lag1	0.00393075676128714	0.00426920624973159	0.00430785799453825
PC19	0.00380275295871428	0.00564673474526286	0.00730797338359168
mtransferencias_recibidas_rank_tend6	0.00379922948559802	0.00276518962149311	0.00400015385207123
PC47	0.00375655654904951	0.00355052506241938	0.00492326627947229
PC41	0.00373651063525792	0.00518988281747835	0.00542328551098119
PC26	0.00369909682064349	0.00282121070666135	0.00488480326166391
PC63	0.00368398463651967	0.00359909465991704	0.00634639793838225
PC62	0.00364687938082282	0.00520921228987615	0.0069233432055079
Master_mlimitecompra_rank_delta1	0.00364502180252261	0.00412267918639626	0.00707719527674141
Visa_mlimitecompra_rank_delta1	0.00362839800106432	0.0055665703177414	0.00711565829454979
cliente_antiguedad	0.00359515444883245	0.00719200005846284	0.00480787722604716
PC52	0.00358848644851256	0.00488804533676609	0.00626947190276549
PC29	0.0035722201121515	0.00279470830687972	0.00492326627947229
PC16	0.00351616158391983	0.00373776980516958	0.00530789645755606
rf_014_015	0.00350749840749867	0.000187353555362218	0.000153852071233509
PC13	0.00346296133782919	0.00219090712282527	0.00461556213700527
PC11	0.00346157928296898	0.00366558787086532	0.00403861686987961
PC20	0.0034529346491713	0.00350767030330458	0.00538482249317281
mcaja_ahorro_rank_tend6	0.00341796000006315	0.00471023247122508	0.00580791568906497
PC60	0.00339056903390968	0.00372077327517331	0.00596176776029847
Visa_fechaalta_lag1	0.00338676306610381	0.00320115823278029	0.00357706065617908
PC45	0.00338193126593031	0.00250586740454617	0.0047309511904304
PC64	0.00338075990169852	0.00541487683158775	0.00634639793838225
PC33	0.00334977552408276	0.00294526143685949	0.0059233047424901
ctarjeta_visa_transacciones	0.00334763534197665	0.00292115726704659	0.00173083580137698
PC37	0.00333944363310299	0.00339271630747065	0.00542328551098119
mcuenta_corriente_rank_lag1	0.003329517801551	0.00662711461696835	0.00415400592330474
Visa_mconsumototal_rank_tend6	0.00330894895077376	0.00389600075305292	0.00546174852878957
PC51	0.00330873392137098	0.00475460625440357	0.00653871302742413
mpasivos_margen_rank_delta1	0.00329635090826488	0.00372326726024063	0.00457709911919689
chomebanking_transacciones_lag1	0.00328716216858723	0.0024441227759861	0.00465402515481365
ctarjeta_visa_transacciones_tend6	0.00322735290694405	0.00145967766509584	0.00215392899726913
PC49	0.00322651635217264	0.00242878890270137	0.00496172929728066
mcuenta_corriente_rank_tend6	0.00322289303251467	0.00802549596146561	0.00653871302742413
mcomisiones_mantenimiento_rank	0.00318771834050102	0.00367532877589263	0.00292318935343667
PC43	0.00315294101189127	0.00226308905712953	0.00503865533289742
mprestamos_personales_rank_tend6	0.00313769998784063	0.00533220971399001	0.00180776183699373
Visa_cconsumos_tend6	0.00313078890848534	0.00260772906690282	0.00457709911919689
PC34	0.00312551831896202	0.00239379041417384	0.00511558136851417
mactivos_margen_rank_lag1	0.00307752690366038	0.00513747866353338	0.00415400592330474
PC23	0.00303732081966669	0.00345379935534969	0.00500019231508904
PC50	0.00302813422789098	0.00383094822108768	0.00603869379591523
PC6	0.00302267890439007	0.00548610121490631	0.00546174852878957
PC12	0.00300125778245376	0.00442149602899907	0.00523097042193931
PC8	0.00294558976613175	0.0050696492337096	0.00550021154659795
PC32	0.00294523176569376	0.00247130416646669	0.00503865533289742
PC22	0.00294306320993582	0.00291005838062137	0.00457709911919689
PC24	0.00293592419709407	0.0037700740934237	0.00503865533289742
mttarjeta_visa_debitos_automaticos_rank_tend6	0.00290903836630999	0.0037673537781234	0.00242317012192777
mcuenta_corriente_rank	0.00289389837767889	0.00831270902712345	0.00434632101234663
PC28	0.00289093256606406	0.00292899612761594	0.00411554290549637
PC18	0.00287019877435406	0.00279268874480078	0.00519250740413093
ctrx_quarter_normalizado_tend6	0.00286346916274863	0.0020294509691219	0.00403861686987961
mpasivos_margen_rank_tend6	0.0028621202170677	0.00363878514827453	0.00496172929728066
PC46	0.00285242995080285	0.00392575882618595	0.00573098965344821
PC14	0.00285191442317821	0.00421514814408404	0.00476941420823878
Visa_fechaalta	0.00285019097403882	0.00397756668701709	0.00396169083426286
ccallcenter_transacciones	0.00284923828761733	0.00272834131856137	0.000653871302742413
PC56	0.00284632377176723	0.00319287106424946	0.00565406361783146
ccomisiones_otras_tend6	0.00282679890101028	0.00621364845384525	0.00519250740413093
Visa_mfinanciacion_limite_rank_delta1	0.00281374567924912	0.00472340750228749	0.00600023077810685
mrentabilidad_annual_rank	0.00280052718987544	0.00584281942461292	0.00480787722604716
cdescubierto_preacordado_tend6	0.00279804000900268	0.00481487538394476	0.000884649409592677
PC40	0.00278630363357059	0.00553522793297747	0.00519250740413093
mrentabilidad_rank_lag1	0.00275440597268049	0.00689650852928312	0.00488480326166391
ctrx_quarter_tend6	0.00275243635815568	0.00400916151704089	0.00396169083426286
mcomisiones_rank	0.00274205575199841	0.00310479813608696	0.00334628254932882
Master_Fvencimiento	0.00273895327188943	0.00415302484763416	0.00465402515481365
PC21	0.00273054934677618	0.00439499362921743	0.00530789645755606
PC30	0.00271473249955075	0.0041613337786874	0.00476941420823878
mcaja_ahorro_rank_lag1	0.00271282205016635	0.00256949666754629	0.00434632101234663
Visa_msaldototal_rank_tend6	0.00270085118041145	0.00241754638362829	0.00330781953152044
mcomisiones_rank_lag1	0.00269298959960604	0.0026602420334598	0.00426939497672987
PC53	0.00269221225066042	0.00419286332114399	0.00607715681372361
mpasivos_margen_rank_lag1	0.00267760638401311	0.00214106224151482	0.00411554290549637
mactivos_margen_rank_delta1	0.00265990250286713	0.00438877390031483	0.00565406361783146
PC48	0.00261814229266275	0.00221127684379391	0.0047309511904304
vm_mfinanciacion_limite_rank_tend6	0.0026044761746416	0.00441502820734107	0.00523097042193931
vm_Fvencimiento_lag1	0.00259980262315796	0.00308026742083498	0.0038847647986461
mrentabilidad_rank	0.00259033551825001	0.00290306825842572	0.00361552367398746
rf_004_011	0.00255682862243265	0.000435790158603479	0.000230778106850264
PC44	0.00253150440548358	0.00271583222068448	0.00519250740413093
vm_mlimitecompra_rank_tend6	0.00251176543146802	0.00387138734021581	0.00469248817262202
mcomisiones_rank_delta1	0.00250508259232968	0.00336694512844173	0.00411554290549637
PC31	0.00247709078557151	0.00153028834528265	0.00380783876302935
Visa_mfinanciacion_limite_rank_lag1	0.00247444764971003	0.00234594768492441	0.00311550444247856
mrentabilidad_rank_delta1	0.00246379015844015	0.00250916660294237	0.00476941420823878
Visa_Fvencimiento	0.00243243734452647	0.00451757756540564	0.0047309511904304
mtarjeta_visa_consumo_rank_tend6	0.00241126366848082	0.00167507440682578	0.0021923920150775
PC27	0.00238882228250281	0.00302805042458268	0.00538482249317281
PC25	0.00235140119197522	0.00331585978335435	0.00523097042193931
vm_status01	0.0023466746272033	0.00509865432356751	0.000807723373975922
vm_mconsumototal_rank_tend6	0.00234609887066232	0.00260417742324675	0.0021923920150775
PC35	0.00233628475036605	0.00330205799164675	0.00430785799453825
Visa_mconsumototal_rank_lag1	0.00232560380553902	0.00207514356115797	0.00288472633562829
vm_fechaalta	0.00232062159801073	0.00480414646040038	0.00296165237124505
vm_mfinanciacion_limite_rank_delta1	0.00228644890625314	0.0065437380411403	0.00526943343974768
mtransferencias_recibidas_rank_lag1	0.00225986318812333	0.00346693521387178	0.00330781953152044
PC38	0.00225760802071471	0.00390320850047259	0.0047309511904304
rf_015_007	0.00224266405679832	0.000285894256800263	0.000153852071233509
Master_mfinanciacion_limite_rank_lag1	0.00224156834022161	0.00277702843368001	0.00276933728220316
Visa_mpagominimo_rank_tend6	0.0022377047772036	0.00316748290561482	0.00311550444247856
PC17	0.00221142606854341	0.00426650769695369	0.00573098965344821
vm_Fvencimiento	0.00221078706406715	0.0030671533248353	0.00376937574522097
rf_009_013	0.00220983325136067	0.00211963486195743	0.000884649409592677
vm_mlimitecompra_rank_delta1	0.00217892850986915	0.00588734119294374	0.00530789645755606
PC54	0.00217307730123084	0.00272297032803246	0.00469248817262202
vmr_msaldototal	0.00216696883022625	0.00200906819063982	0.00188468787261049
vmr_msaldototal_tend6	0.00209266013429455	0.00357037248285036	0.00200007692603562
vm_mpagominimo_rank_lag1	0.00208731682571869	0.00193507126196719	0.00180776183699373
mcomisiones_mantenimiento_rank_lag1	0.00208137153068381	0.00303056617217239	0.00334628254932882
cliente_antiguedad_lag1	0.00203061784146552	0.00422296524213098	0.00465402515481365
mcuenta_corriente_rank_delta1	0.00201169710106182	0.0107456153990634	0.00453863610138852
ccomisiones_otras	0.00200849251550163	0.00313492617210084	0.00250009615754452
rf_012_014	0.00200756020279973	0.000998838843207202	0.000576945267125659
Visa_mconsumototal_rank	0.00198886895504772	0.00128615636897258	0.00292318935343667
rf_018_014	0.00195698948950049	0.000147724002067457	0.000192315089041886
chomebanking_transacciones	0.00193098730754063	0.00178975854738192	0.00357706065617908
Master_mfinanciacion_limite_rank_delta1	0.00192438142503934	0.00300132604707254	0.00480787722604716
vm_fechaalta_lag1	0.00191574925312064	0.00170524596788446	0.0030385784068618
PC10	0.00190486003652387	0.0045688021906364	0.00457709911919689
PC9	0.0018863051965132	0.0027400190880825	0.00400015385207123
foto_mes	0.00187413497043082	0.00413837867005735	0.00242317012192777
thomebanking_tend6	0.00186283093564245	0.00499549561487568	0.00257702219316128
mtransferencias_recibidas_rank	0.00186080756930901	0.00202851953316308	0.00280780030001154
Visa_mlimitecompra_rank_lag1	0.00185713793656729	0.0016690723031472	0.00257702219316128
Master_mfinanciacion_limite_rank	0.00184669434803426	0.0023796404221078	0.00311550444247856
Visa_cconsumos_lag1	0.00183272633660686	0.00126718815444665	0.00215392899726913
vmr_Master_mlimitecompra_tend6	0.001830216311525	0.00352982455111022	0.00173083580137698
mcomisiones_mantenimiento_rank_delta1	0.0018271967815169	0.00761362716748684	0.00326935651371207
vmr_mconsumototal_lag1	0.00181628674310894	0.00135282368010008	0.00203853994384399
mcuentas_saldo_rank_lag1	0.00181015302265791	0.00272213029466773	0.00357706065617908
ccomisiones_otras_lag1	0.00179871643483807	0.00152307189285401	0.00211546597946075
Visa_mpagominimo_rank	0.00178398170162668	0.00160241804953315	0.00230778106850263
Visa_msaldototal_rank	0.00175381559074844	0.00203671094659534	0.00226931805069426
vm_fultimo_cierre	0.00173644479209755	0.00172532842355739	0.00284626331781992
vmr_Master_mlimitecompra	0.00172086247911544	0.002121180001048	0.00161544674795184
cproductos_tend6	0.00171611265207681	0.00521173674247483	0.00161544674795184
ccomisiones_mantenimiento_delta1	0.00170860633388311	0.00142140609319899	0.000461556213700527
Master_fechaalta_lag1	0.00170095287184997	0.00307224575507746	0.00369244970960422
vmr_mpagominimo_lag1	0.00169689178337528	0.00187063678563818	0.00188468787261049
Master_mlimitecompra_rank_lag1	0.00168872468598873	0.0017079575781758	0.00223085503288588
Visa_fultimo_cierre_tend6	0.00168601835299182	0.00251127756761541	0.00215392899726913
mprestamos_personales_rank_delta1	0.00167970716632073	0.0076505146429589	0.00161544674795184
mpasivos_margen_rank	0.00167324715660607	0.00237161875635028	0.0042309319589215
Visa_mlimitecompra_rank	0.0016656059444656	0.00160465523683611	0.00269241124658641
mv_status07_rank_tend6	0.00164998228429423	0.00942400352859279	0.00300011538905343
mcaja_ahorro_rank_delta1	0.00163148976738064	0.00294014289159044	0.00342320858494558
ctrx_quarter_delta1	0.00160744294064075	0.00167088729751556	0.00311550444247856
chomebanking_transacciones_delta1	0.00160357205819365	0.00290634569429952	0.00326935651371207
rf_013_015	0.0015916184811958	0.00153623821890746	0.000307704142467018
Visa_cconsumos	0.00152691755428049	0.000927501294772152	0.00157698373014347
Master_fechaalta_tend6	0.00148570489641775	0.000639173987967301	0.0013462056232932
mttarjeta_visa_debitos_automaticos_rank	0.00146758890609303	0.000941786214477084	0.0016923727835686
ctrx_quarter_lag1	0.00146419819200087	0.00180594115904034	0.00330781953152044
vm_fultimo_cierre_lag1	0.00145582721676871	0.00222480442771924	0.00230778106850263
Master_fultimo_cierre_tend6	0.00144091811292925	0.00617697425109274	0.0030385784068618
cdescubierto_preacordado	0.0014407299686285	0.00218846101530724	0.000769260356167545
vmr_mconsumototal	0.00143465791178301	0.00138430534500738	0.00157698373014347
Visa_msaldototal_rank_delta1	0.00139368224589345	0.000883758624743338	0.00192315089041886
mtransferencias_recibidas_rank_delta1	0.0013796870830724	0.00169231467707296	0.00200007692603562
PC5	0.00137577973679369	0.00182757310630832	0.00342320858494558
vm_mpagominimo_rank_tend6	0.00136049265945821	0.00178314709307608	0.00203853994384399
mttarjeta_visa_debitos_automaticos_rank_lag1	0.00135922095626796	0.000999961789363166	0.0016923727835686
kmes_lag1	0.00135878630010283	0.00167584044761435	0.00200007692603562
cpayroll_trx_tend6	0.00134848645136088	0.00190478653579202	0.00100003846301781
internet_lag1	0.00134689796933706	0.00335814001187772	0.000923112427401054
vmr_mconsumototal_tend6	0.00133735825095577	0.000967265775705808	0.00176929881918535
vm_cconsumos_tend6	0.00132253323185617	0.00156712794320542	0.00203853994384399
PC7	0.00130589145097864	0.00209118254016854	0.0033847455671372
vmr_mpagominimo_tend6	0.0012936734430008	0.00101338491318096	0.00173083580137698
vm_mpagominimo_rank_delta1	0.00127991948858274	0.00108236775669207	0.00150005769452671
rf_007_005	0.00126850844462735	0.000192293647947562	3.84630178083772e-05
vm_msaldototal_rank_tend6	0.00124862123763144	0.00134774430737136	0.00188468787261049
Visa_mfinanciacion_limite_rank	0.00124795109122087	0.00187909805434823	0.00211546597946075
mpayroll_rank_delta1	0.00124379778363208	0.00240793170123091	0.000615408284934036
vmr_Visa_mlimitecompra	0.00122409030976262	0.00102158938412667	0.00138466864110158
mtarjeta_visa_consumo_rank	0.0012216913385851	0.00170625574892393	0.00188468787261049
Visa_status_tend6	0.001219083442988	0.000812999959404191	0.000230778106850264
Master_mlimitecompra_rank	0.00121734767536236	0.00131782519157255	0.00250009615754452
vm_msaldototal_rank	0.00121583836395264	0.00140890134782657	0.00150005769452671
Visa_mconsumototal_rank_delta1	0.00118910165455219	0.0010604006665791	0.00230778106850263
ctarjeta_visa_transacciones_delta1	0.00118848139068719	0.00346609082800256	0.00130774260548483
mttarjeta_visa_debitos_automaticos_rank_delta1	0.00117834088830189	0.00249280553860025	0.00123081656986807
Master_Fvencimiento_tend6	0.00117657305471953	0.00122745414104436	0.00153852071233509
ctrx_quarter_normalizado_delta1	0.0011723982731139	0.00157341731217971	0.00196161390822724
vm_mlimitecompra_rank_lag1	0.00114329271665149	0.00156329338675812	0.00207700296165237
Master_mpagominimo_rank	0.00113435305639286	0.00189001848808976	0.000846186391784299
vmr_Visa_mlimitecompra_lag1	0.00111016584089777	0.00300693642534787	0.00207700296165237
rf_008_015	0.00110988643853188	0.000527218867720421	0.000230778106850264
vm_cconsumos_delta1	0.00110170914135531	0.00105159990251957	0.000769260356167545
rf_018_008	0.00109743455440948	0.000501417221160141	0.000307704142467018
vmr_mpagominimo	0.00108892088594571	0.00100180725126289	0.00161544674795184
mpayroll_sobre_edad_rank_tend6	0.00107804069681597	0.00108068333745813	0.000846186391784299
ccallcenter_transacciones_tend6	0.00107368635917587	0.00590347592705288	0.00230778106850263
Visa_mpagominimo_rank_lag1	0.00107024524480027	0.00131221481329721	0.00200007692603562
Visa_fechaalta_tend6	0.00105508634359429	0.00284688177808722	0.00119235355205969
cprestamos_personales	0.00104640136795626	0.00265783074597761	0.000846186391784299
cliente_edad_tend6	0.00104466495940833	0.00176472729411469	0.00223085503288588
ctarjeta_visa_tend6	0.00102839450137755	5.05369295228416e-05	3.84630178083772e-05
vm_cconsumos_lag1	0.00101932036661694	0.000736604800762823	0.000923112427401054
Visa_cconsumos_delta1	0.00101105228451106	0.000622181810475511	0.00138466864110158
mpayroll_rank_tend6	0.000978415599136564	0.000789875103099406	0.000615408284934036
Visa_status	0.00094992716645481	0.000527157932657694	0.000115389053425132
vm_Fvencimiento_tend6	0.000948806909201176	0.00163533168841453	0.00157698373014347
vmr_Master_mlimitecompra_lag1	0.000948118724644359	0.00177082080038736	0.00176929881918535
Visa_fultimo_cierre_lag1	0.000926787068382087	0.00120405942946179	0.00207700296165237
Master_fultimo_cierre	0.000920263907246416	0.00258845182455878	0.00242317012192777
vm_mpagominimo_rank	0.000914555350923151	0.00134078030020259	0.00123081656986807
Visa_fultimo_cierre	0.000914160145044546	0.00148501359367671	0.00207700296165237
vmr_msaldototal_delta1	0.000905669448784782	0.0013587953162473	0.000884649409592677
rf_009_007	0.000900441600022212	0.000508581443535009	0.000769260356167545
vm_mfinanciacion_limite_rank_lag1	0.000809895758615223	0.00114092635197244	0.00153852071233509
Master_mconsumototal_rank_tend6	0.000808604388139441	0.00194836816315506	0.000884649409592677
Master_fultimo_cierre_lag1	0.000794364174633883	0.00158981319655768	0.00223085503288588
vmr_msaldototal_lag1	0.000778276433097431	0.00112197119495995	0.00138466864110158
mtarjeta_master_consumo_rank_tend6	0.000751461529305949	0.00279616639588068	0.00100003846301781
vmr_mpagominimo_delta1	0.000739941232798358	0.00151612094319869	0.000807723373975922
mtarjeta_visa_consumo_rank_delta1	0.000737215972139619	0.0011347588531236	0.00103850148082619
vmr_Visa_mlimitecompra_tend6	0.000732923846627514	0.00169984450982419	0.000769260356167545
Master_msaldototal_rank_tend6	0.000724913168199718	0.00134034069725006	0.00107696449863456
mtarjeta_visa_consumo_rank_lag1	0.000722979050227746	0.00125241575423991	0.00111542751644294
thomebanking	0.000722453713668519	0.000854857994992957	0.000884649409592677
ctarjeta_visa_transacciones_lag1	0.000721976244535685	0.000609302749717774	0.00153852071233509
vm_fultimo_cierre_delta1	0.000700165288594823	0.00023780343479545	0.000769260356167545
vm_cconsumos	0.000699778532712572	0.000553525404800436	0.00119235355205969
ccomisiones_otras_delta1	0.000698599630944087	0.000494087603615014	0.000576945267125659
kmes	0.000698206280997655	0.00128074620590335	0.00126927958767645
Visa_mpagominimo_rank_delta1	0.000678526741106219	0.000746001857936178	0.00146159467671834
thomebanking_delta1	0.000678422764836642	0.00382137271123062	0.00123081656986807
cproductos_lag1	0.000677395178496695	0.00149610377509297	0.00138466864110158
mtarjeta_master_consumo_rank_delta1	0.000666790914474189	0.000632410196004637	0.000384630178083772
rf_009_012	0.000655256481501244	0.000468890955177522	0.000576945267125659
kmes_tend6	0.000654319668707713	0.00103466866009051	0.000923112427401054
vmr_mconsumototal_delta1	0.000652489215171169	0.000804146965290896	0.000923112427401054
vm_mconsumototal_rank_delta1	0.00064471884528807	0.000587570694846742	0.00130774260548483
Master_status	0.000634824505710057	0.00363994291446634	0.000576945267125659
mv_status07_rank_lag1	0.000614633381812256	0.00408068187066412	0.00165390976576022
cdescubierto_preacordado_delta1	0.000610665666179224	0.00535994387253962	0.000846186391784299
mpayroll_sobre_edad_rank	0.000601704838326518	0.00119973739251267	0.000807723373975922
vm_mconsumototal_rank	0.000598519771788073	0.000563053037108204	0.00107696449863456
vm_fultimo_cierre_tend6	0.000596608545499591	0.00214929717999189	0.00211546597946075
ctarjeta_master_transacciones_tend6	0.000584619187846609	0.0014912812001286	0.000769260356167545
vm_msaldototal_rank_delta1	0.00058432516575681	0.00148792106666967	0.00111542751644294
Visa_msaldototal_rank_lag1	0.000573570311020684	0.00184186237851774	0.00173083580137698
vm_msaldototal_rank_lag1	0.000572285318124992	0.000927927840211239	0.00115389053425132
ccallcenter_transacciones_delta1	0.00055953059279926	0.00196122981389487	0.000500019231508904
vm_mlimitecompra_rank	0.000555229556834072	0.00202032376722634	0.0013462056232932
mprestamos_personales_rank_lag1	0.000544265296834645	0.00203364678344108	0.000769260356167545
Master_mconsumototal_rank_delta1	0.000537221704536903	0.000533721509414256	0.000500019231508904
rf_003_000	0.00053593364340023	0.00239701126748939	0.000807723373975922
Master_mpagominimo_rank_delta1	0.000523902362072065	0.000929821179660247	0.000576945267125659
vm_fechaalta_tend6	0.000502437089917844	0.00186348562077676	0.00107696449863456
rf_019_015	0.00048785442419324	0.000108790849489572	7.69260356167545e-05
rf_001_003	0.000483071519828429	0.000467768009021558	0.000115389053425132
rf_020_013	0.000482705507881469	0.000294690668355311	0.000115389053425132
Master_msaldototal_rank_delta1	0.000473261728928565	0.000559867003828494	0.000500019231508904
Master_mpagominimo_rank_tend6	0.000461408765850096	0.0011474681662066	0.000846186391784299
ctrx_quarter_normalizado_lag1	0.000453938524043273	0.00100750467962784	0.00173083580137698
vm_mfinanciacion_limite_rank	0.000428438383091487	0.000781231029201175	0.00103850148082619
mtarjeta_master_consumo_rank	0.000410468662512454	0.00150237573404934	0.000346167160275395
Master_cconsumos_tend6	0.00040344152992112	0.000729292593235619	0.000615408284934036
rf_002_014	0.00039499198460687	0.000761710046606226	0.000153852071233509
rf_013_001	0.000389144093368172	0.000970778246821554	0.000307704142467018
mv_status07_rank	0.000373747524480897	0.00434435659209154	0.00150005769452671
ccomisiones_mantenimiento	0.000351587598128748	0.00276010154375543	0.000730797338359168
mpayroll_rank_lag1	0.000349580470681499	0.0002831434739686	0.000307704142467018
Visa_Fvencimiento_tend6	0.000347910292150045	0.00137966557523119	0.000807723373975922
Master_msaldototal_rank	0.000343823518652157	0.000999957436858685	0.000653871302742413
rf_016_003	0.000342051306951963	0.000585951563180004	0.000346167160275395
mv_status07_rank_delta1	0.000338520390944189	0.0028774537695581	0.00130774260548483
ccomisiones_mantenimiento_lag1	0.000332038825446447	0.00201913553350317	0.000576945267125659
mpayroll_sobre_edad_rank_delta1	0.00031397456516103	0.000448129508805637	0.000346167160275395
rf_011_012	0.000311946537582123	8.59619634894601e-05	7.69260356167545e-05
rf_003_004	0.000307754394596318	0.000294455633113365	7.69260356167545e-05
Visa_fultimo_cierre_delta1	0.000303604406970091	0.000355965226431494	0.000653871302742413
Master_cconsumos	0.000299552165931757	0.000717297090887419	0.000576945267125659
rf_017_008	0.000295268662760095	0.000721153409857123	0.000115389053425132
rf_011_008	0.000294561905734656	0.00118165708890076	0.000230778106850264
Master_fultimo_cierre_delta1	0.000281595924700092	0.00032885347602259	0.00100003846301781
rf_013_008	0.000280117264113745	0.000208219461841635	0.000115389053425132
vm_mconsumototal_rank_lag1	0.0002765209444001	0.000537869446184153	0.00111542751644294
cprestamos_personales_delta1	0.000275237088950688	0.00361523809903514	0.000576945267125659
mpayroll_sobre_edad_rank_lag1	0.000266923711178322	0.00040090483519244	0.000384630178083772
rf_018_015	0.000261477427644575	0.000582739414873411	0.000115389053425132
Master_mconsumototal_rank_lag1	0.00024822366819084	0.000675957003331829	0.000576945267125659
rf_016_009	0.000241292372187585	0.00024234309696859	0.000115389053425132
Master_mpagominimo_rank_lag1	0.000237614749041893	0.000413692493356087	0.000346167160275395
ctarjeta_master_transacciones	0.000226479865380196	0.000858218128451887	0.000153852071233509
rf_014_006	0.000224707618804175	0.000262625767847622	0.000153852071233509
ccallcenter_transacciones_lag1	0.000219609281139255	0.000539632210498747	0.000153852071233509
internet	0.000211675178295127	0.000310625187258344	0.000384630178083772
rf_015_002	0.000208638817101179	9.35875513392593e-05	0.000153852071233509
vm_Fvencimiento_delta1	0.000203803058508615	4.41779204768618e-05	0.000153852071233509
rf_014_002	0.000191489850615121	2.79126112333118e-05	3.84630178083772e-05
rf_012_009	0.00017423445196484	6.53659122878335e-05	3.84630178083772e-05
vm_status02	0.0001738109730107	0.00129088318883838	0.000192315089041886
rf_001_001	0.000172302096549181	0.00020563407418023	0.000192315089041886
rf_005_005	0.000170439265660584	0.000189464520035251	7.69260356167545e-05
rf_009_001	0.000170255833325814	0.000319691454091182	0.000153852071233509
rf_011_003	0.000167958736190709	0.000811964063337837	0.000153852071233509
rf_014_007	0.000166526459479402	0.000847837405265945	0.000192315089041886
Master_mconsumototal_rank	0.000165748833951384	0.000131767720642021	0.000307704142467018
cprestamos_personales_lag1	0.000165038044308473	0.00145862871151604	0.000307704142467018
rf_005_001	0.000162243300355171	0.000154692361740704	0.000115389053425132
Visa_Fvencimiento_delta1	0.000161909125467735	0.000140455319585057	0.000269241124658641
cpayroll_trx_lag1	0.000159548878183216	0.000591178921061059	0.000153852071233509
rf_004_000	0.00014715119645424	0.00031858591795314	0.000192315089041886
rf_014_012	0.000146100431694043	1.68703073663366e-05	3.84630178083772e-05
rf_007_014	0.000141788756172556	0.000843149757940469	0.000153852071233509
rf_013_000	0.00014006005522925	0.000383721147503509	0.000192315089041886
rf_001_004	0.000138446790631537	0.000779864342794304	0.000153852071233509
rf_010_015	0.000136790375419694	0.000615592118692066	0.000115389053425132
rf_017_001	0.000133443712901059	0.000244497586686427	0.000153852071233509
rf_008_002	0.000133150049276755	0.000812965139368347	0.000346167160275395
Master_cconsumos_lag1	0.000133074824083181	0.000191148939269196	0.000269241124658641
rf_007_003	0.000128281111447116	0.000359917300499769	0.000230778106850264
rf_018_001	0.000126834687336825	3.50158985454535e-05	7.69260356167545e-05
internet_delta1	0.000126108673170121	0.00156803326413736	0.000653871302742413
rf_014_004	0.000120986544758798	0.000790018735747262	0.000115389053425132
rf_014_003	0.000118054242351394	0.000256554024097354	7.69260356167545e-05
Visa_fechaalta_delta1	0.000116850163711881	0.000131750310624099	0.000346167160275395
rf_017_014	0.000115950159688144	0.000321249650695194	7.69260356167545e-05
rf_008_006	0.000113577929346221	0.00149204724091716	0.00042309319589215
Master_msaldototal_rank_lag1	0.000111252382299338	7.04670475389549e-05	0.000230778106850264
vm_status06_tend6	0.000110211457081726	0.0023612467381733	0.000576945267125659
cprestamos_personales_tend6	0.000109338560597893	0.00316278655328039	0.00069233432055079
rf_012_003	0.000109000931449122	0.000353419011310414	7.69260356167545e-05
Master_status_delta1	0.000107919186780158	1.02066230067232e-05	3.84630178083772e-05
thomebanking_lag1	0.000105439081127725	0.000206378352446392	0.000461556213700527
rf_010_013	0.000104766068921304	0.000223544630117401	3.84630178083772e-05
vm_fechaalta_delta1	0.000100712351652936	4.03477165340403e-05	0.000192315089041886
rf_010_004	0.000100072318033747	0.000160524717744546	7.69260356167545e-05
rf_002_006	9.82193463417002e-05	2.81824665111015e-05	3.84630178083772e-05
vm_status05_tend6	9.4537959025038e-05	0.00084143051867068	0.00042309319589215
rf_004_006	9.44017540858779e-05	9.96854101164104e-05	3.84630178083772e-05
Master_status_tend6	9.19347396030863e-05	0.00125461812150703	0.000230778106850264
rf_009_009	9.04697321882887e-05	0.000804186137831221	0.000153852071233509
rf_016_012	8.80339856656597e-05	0.000355434220884876	7.69260356167545e-05
rf_009_004	8.61111319261536e-05	0.000100804003767893	3.84630178083772e-05
rf_010_009	8.50942484419429e-05	0.000100003142943485	3.84630178083772e-05
rf_015_014	8.44184459496137e-05	0.000220567517052753	3.84630178083772e-05
vm_status03_tend6	8.39783722578372e-05	0.00023198848880953	0.000115389053425132
rf_004_009	8.38384699786458e-05	6.56227100521818e-05	3.84630178083772e-05
rf_019_004	8.30937964138328e-05	0.00026205994226516	7.69260356167545e-05
rf_018_003	8.24361403742963e-05	0.00128089419105568	0.000461556213700527
cdescubierto_preacordado_lag1	8.06751172504557e-05	0.000624880363253408	0.000192315089041886
Master_Fvencimiento_delta1	7.99328675775666e-05	0.00034966279994376	0.000269241124658641
Master_cconsumos_delta1	7.55765223115461e-05	3.69005329855009e-05	7.69260356167545e-05
rf_019_012	7.49661754475838e-05	4.13400875555895e-05	3.84630178083772e-05
rf_012_004	7.24514918505954e-05	0.000530261268352275	0.000384630178083772
rf_001_002	7.07599055068041e-05	5.35314526054112e-05	7.69260356167545e-05
rf_006_013	7.05340923071093e-05	0.000190139158229725	3.84630178083772e-05
rf_016_010	7.04760257686231e-05	0.000531497379624731	0.000115389053425132
rf_017_005	6.97614824363329e-05	0.000113543784382256	3.84630178083772e-05
rf_003_003	6.68776580864149e-05	4.98361763014845e-05	3.84630178083772e-05
rf_008_000	6.55972896063242e-05	0.000235753405185145	0.000307704142467018
vm_status01_tend6	6.48430391491468e-05	0.00210200721881149	0.000461556213700527
rf_014_000	6.41516400493006e-05	0.000355691018649224	0.000461556213700527
rf_007_007	5.97291749110114e-05	0.00028614670206013	7.69260356167545e-05
rf_012_011	5.72131403743327e-05	0.00148101364205915	0.000230778106850264
rf_016_000	5.6061689057717e-05	0.000471258717614902	0.000346167160275395
rf_002_000	5.56419065014431e-05	0.000377810446419018	0.000230778106850264
rf_013_013	5.55241930988892e-05	0.000133630592559666	3.84630178083772e-05
rf_006_002	5.26582839001363e-05	0.000150096117009318	0.000153852071233509
rf_017_003	4.97122932728201e-05	0.000105348018445514	3.84630178083772e-05
Master_fechaalta_delta1	4.91330831567733e-05	0.000111972530264803	0.000192315089041886
rf_002_010	4.90453868326669e-05	0.000250982818362341	7.69260356167545e-05
rf_004_004	4.79098678799431e-05	3.59168669729127e-05	7.69260356167545e-05
rf_012_002	4.79058479738536e-05	0.000344130766749072	7.69260356167545e-05
ctarjeta_master_transacciones_lag1	4.64156236248645e-05	5.48981390122816e-05	0.000115389053425132
vm_status02_tend6	4.61116648959248e-05	0.000151706543667095	0.000115389053425132
rf_016_013	4.3796139192273e-05	0.000526679157164841	7.69260356167545e-05
ctarjeta_master_transacciones_delta1	4.18611290055082e-05	0.00017819588593529	7.69260356167545e-05
rf_004_007	3.96193493898281e-05	0.000388426204846906	0.000115389053425132
rf_007_004	3.80130733988515e-05	0.00028714342558616	0.000115389053425132
rf_006_009	3.66994231112694e-05	3.26698986304753e-05	3.84630178083772e-05
rf_019_000	3.40467029111923e-05	0.000170135047637443	0.000230778106850264
rf_006_001	3.12953688873691e-05	2.11923443154522e-05	3.84630178083772e-05
rf_019_001	3.11167472495899e-05	0.000102475365488397	7.69260356167545e-05
vm_status02_delta1	3.00864062503902e-05	7.69522792148686e-06	3.84630178083772e-05
rf_020_004	2.86593586831736e-05	4.54619092986031e-05	7.69260356167545e-05
vmr_Master_mlimitecompra_delta1	2.82067606599201e-05	0.000256118773649306	0.000115389053425132
rf_004_002	2.69298231696768e-05	0.000214796096111638	0.000115389053425132
rf_008_005	2.67112854347048e-05	0.000288118386589787	0.000192315089041886
rf_004_012	2.57798808567149e-05	2.49093831417813e-05	3.84630178083772e-05
rf_004_001	2.52525355062238e-05	7.68391140983762e-05	3.84630178083772e-05
rf_010_011	2.34937562437134e-05	8.25670099946865e-06	3.84630178083772e-05
rf_020_009	2.2681507083965e-05	0.000386293477651472	7.69260356167545e-05
cliente_edad_delta1	2.07334982796157e-05	0.000317297576626919	0.000153852071233509
rf_001_000	2.00043564071173e-05	5.69307586046652e-05	0.000115389053425132
rf_002_009	1.95621432459467e-05	0.000159893604594876	7.69260356167545e-05
rf_012_000	1.94677880102141e-05	8.13396037311914e-05	0.000192315089041886
Master_status_lag1	1.92817267824839e-05	0.00171351572639737	0.000269241124658641
ctarjeta_master_tend6	1.89176751364472e-05	0.000954578225145211	0.000192315089041886
rf_016_004	1.88096973497372e-05	7.01797822432433e-05	3.84630178083772e-05
rf_003_002	1.87854975150785e-05	8.7441815012823e-06	3.84630178083772e-05
rf_018_009	1.60641818887344e-05	6.71896116651542e-05	3.84630178083772e-05
rf_015_000	1.5261010524885e-05	0.000142810024508996	0.000153852071233509
entrenamiento	1.50153648986592e-05	4.86392375693528e-05	0.000115389053425132
rf_012_012	1.49548496092541e-05	0.000247953475243927	3.84630178083772e-05
rf_018_002	1.44170862324548e-05	0.000108399124086329	7.69260356167545e-05
rf_011_013	1.33051374337874e-05	5.27523543034054e-05	3.84630178083772e-05
rf_005_000	1.31941086325721e-05	0.000271487466969877	0.000115389053425132
rf_018_004	1.28090046441281e-05	0.000133386852308759	3.84630178083772e-05
rf_018_007	1.22779680148703e-05	0.000153486717999611	3.84630178083772e-05
vmr_Visa_mlimitecompra_delta1	1.22494256766583e-05	0.000116020359431648	3.84630178083772e-05
rf_011_000	1.16839001374836e-05	0.000440873883836678	0.000307704142467018
vm_status03	1.11295592332705e-05	7.79533552453788e-06	3.84630178083772e-05
rf_002_005	1.08489376289751e-05	5.91897084300338e-05	3.84630178083772e-05
rf_004_014	1.08322449689384e-05	2.51748859150905e-05	3.84630178083772e-05
vm_status05_lag1	1.05793916196886e-05	0.000149734859137438	7.69260356167545e-05
rf_002_004	1.05114283236542e-05	0.000134966811435173	3.84630178083772e-05
rf_020_000	1.04068712571878e-05	5.85498902714034e-05	0.000115389053425132
rf_010_005	9.28660970099906e-06	0.000757161679424126	0.000192315089041886
rf_015_012	9.05846300863041e-06	5.16076456250394e-05	7.69260356167545e-05
rf_013_007	8.59789473641658e-06	0.000225703472339719	3.84630178083772e-05
rf_007_006	8.3844924942849e-06	9.60118963348861e-05	3.84630178083772e-05
mtarjeta_master_consumo_rank_lag1	8.12335537480526e-06	2.22195353728453e-05	3.84630178083772e-05
rf_020_006	6.99740681350401e-06	8.3080605523383e-05	3.84630178083772e-05
rf_012_006	6.7465460814539e-06	0.000148742488115889	3.84630178083772e-05
rf_005_006	6.62550017675184e-06	9.35788463302984e-06	3.84630178083772e-05
vm_status03_delta1	6.47097749911298e-06	0.000171867344420674	3.84630178083772e-05
rf_002_001	5.89694144188059e-06	5.13900204010155e-05	3.84630178083772e-05
rf_010_008	4.84668771224452e-06	6.98881644430512e-05	3.84630178083772e-05
rf_019_003	4.78755790859762e-06	4.11137573226046e-05	3.84630178083772e-05
rf_007_001	4.59081635568695e-06	0.000120372863912127	7.69260356167545e-05
rf_013_002	4.55241325064852e-06	4.91397755846078e-05	7.69260356167545e-05
rf_009_002	4.24229093740502e-06	0.000339760852250671	7.69260356167545e-05
vm_status04_tend6	4.12553389563425e-06	0.00018345806385219	3.84630178083772e-05
rf_006_004	4.08284098549904e-06	9.06539633194165e-05	3.84630178083772e-05
ctarjeta_visa	4.01629922875551e-06	4.09222471254635e-05	3.84630178083772e-05
vm_status01_delta1	3.66571467639027e-06	0.000526679157164841	7.69260356167545e-05
rf_009_005	3.28308092023827e-06	5.7601044294659e-05	3.84630178083772e-05
rf_016_015	3.25316829653809e-06	8.60490135790697e-06	3.84630178083772e-05
rf_007_013	2.75531505184636e-06	3.45066555212375e-05	0.000115389053425132
rf_001_012	2.70040661871334e-06	0.000602290864999722	0.000115389053425132
rf_001_008	2.65626342452967e-06	7.50502347568993e-05	0.000230778106850264
rf_009_000	2.57133581945253e-06	5.92593485017215e-05	7.69260356167545e-05
rf_011_007	2.27181511346286e-06	0.000697205930205528	0.000115389053425132
rf_004_015	1.77823234180978e-06	2.62673645396907e-05	3.84630178083772e-05
rf_012_015	1.32053050603051e-06	2.77080435227293e-05	0.000115389053425132
vm_status01_lag1	1.26891689824031e-06	0.000508459573409556	7.69260356167545e-05
rf_014_005	1.15170485334903e-06	5.76358643305028e-05	3.84630178083772e-05
rf_003_009	1.12478718530758e-06	9.13938890810979e-05	3.84630178083772e-05
rf_012_001	1.10505440847974e-06	0.000132581638979871	7.69260356167545e-05
rf_018_000	1.06824971860015e-06	0.000204110697612062	3.84630178083772e-05
rf_011_011	9.9006687912074e-07	8.87910914017715e-06	3.84630178083772e-05
rf_017_012	9.1894607247508e-07	9.39923342559439e-05	3.84630178083772e-05
vm_status06_delta1	7.94415537303746e-07	0.000185991221459828	3.84630178083772e-05
rf_011_002	7.2206105916584e-07	1.65308120168592e-05	7.69260356167545e-05
rf_013_006	6.4813096627395e-07	2.45394202609406e-05	3.84630178083772e-05
rf_017_004	5.56222408696091e-07	5.43105509074169e-05	3.84630178083772e-05
rf_001_005	5.24041710012487e-07	5.24389739808109e-05	3.84630178083772e-05
rf_018_005	4.67177437502186e-07	0.000233551037918022	3.84630178083772e-05
rf_006_003	4.09682133952384e-07	0.000101034686505359	3.84630178083772e-05
rf_012_010	3.77751737233884e-07	2.85785444188251e-05	3.84630178083772e-05
rf_010_000	3.41064535390859e-07	0.000202765773727594	3.84630178083772e-05
rf_001_010	2.73066096583665e-07	0.000225163761784139	3.84630178083772e-05
rf_019_014	2.18172818575111e-07	2.94359878014794e-05	3.84630178083772e-05
rf_014_008	2.13016393958119e-07	6.19361387572161e-06	3.84630178083772e-05
rf_017_015	1.87462667490629e-07	1.23524077155994e-05	3.84630178083772e-05
rf_007_009	1.81252226637523e-07	1.40237694361033e-05	3.84630178083772e-05
rf_011_005	1.09587927044681e-07	1.98778879623476e-05	7.69260356167545e-05
rf_005_007	1.00415542514928e-07	1.71140476172434e-05	3.84630178083772e-05
rf_005_013	4.08484288302885e-08	1.68354873304927e-05	3.84630178083772e-05
rf_008_010	2.43305346034731e-08	2.43566150727605e-05	3.84630178083772e-05
rf_016_005	1.51422494362694e-08	1.93555874246901e-05	7.69260356167545e-05
rf_003_014	1.46475421984464e-08	0.000137408566448722	0.000115389053425132
rf_001_015	5.74471086260497e-09	3.15991825282775e-05	7.69260356167545e-05
rf_003_015	3.74032682250862e-09	7.09458230318076e-06	3.84630178083772e-05
