Feature	Gain	Cover	Frequency
ctrx_quarter_normalizado_lag1	0.0856701791572034	0.00369027572483592	0.00335516855727752
ctrx_quarter_lag1	0.0438737180170821	0.00356098893271523	0.00551206262981307
rf_002_000	0.0380675624715432	0.000219596271403904	2.66283218831549e-05
PC1	0.0337344044913418	0.0134828655348038	0.0121691431006018
PC16	0.0212743489879224	0.0049435928705526	0.00559194759546254
PC2	0.0201948674285496	0.00370190104684155	0.00700324865526975
mpayroll_sobre_edad_rank	0.0150217706114464	0.00626224483407239	0.00266283218831549
mcuentas_saldo_rank	0.0146260615724241	0.00839187098542116	0.00697662033338659
ccomisiones_mantenimiento_tend6	0.0111393492097996	0.00370146550558627	0.00173084092240507
PC13	0.0107550362675789	0.00583728723129146	0.00434041646695425
PC4	0.00917873696230842	0.00263876299024478	0.0040741332481227
mprestamos_personales_rank_lag1	0.00868297369821992	0.00897436386023844	0.00239654896948394
mpasivos_margen_rank	0.00847740675984193	0.00286944378659567	0.00503275283591628
cliente_edad_lag1	0.00719207730025565	0.00914675108907998	0.00947968259040315
mactivos_margen_rank	0.00652353980551403	0.00624957058354362	0.00428715982318794
mcuentas_saldo_rank_tend6	0.00643835240656762	0.00457713934688774	0.0064973105394898
PC6	0.00618448726125064	0.00357700233286785	0.00572508920487831
mrentabilidad_annual_rank_delta1	0.00585878657267685	0.00461433094057856	0.00615114235500879
numero_de_cliente	0.00579412242159224	0.00723764310479213	0.00916014272780529
mcuentas_saldo_rank_delta1	0.00565496430874024	0.00769920432056925	0.00700324865526975
mtarjeta_visa_consumo_rank	0.00518961835909539	0.00294152223483477	0.00308888533844597
mrentabilidad_annual_rank	0.00505950974707018	0.00586624346574695	0.00559194759546254
PC46	0.00491031528032104	0.00624810426131749	0.00545880598604676
Visa_mlimitecompra_rank_tend6	0.00485167163597337	0.00400437356010515	0.00689673536773713
Master_Fvencimiento_lag1	0.0048323590169288	0.00394228715416436	0.00487298290461735
Master_mfinanciacion_limite_rank_tend6	0.00481592715433152	0.00829757993316257	0.00734941683975076
mrentabilidad_annual_rank_lag1	0.00474582495884273	0.00409237467073535	0.00489961122650051
mrentabilidad_annual_rank_tend6	0.00463839766172169	0.00753800687247806	0.00742930180540022
PC8	0.00443168350623604	0.00250155660629883	0.00418064653565532
PC30	0.00438638774453378	0.00570188108453402	0.00679022208020451
internet_tend6	0.00433306934725856	0.00832924015291128	0.00487298290461735
PC43	0.00426127004308952	0.00428561343717363	0.00665708047078873
mcomisiones_rank_lag1	0.00425282691057266	0.00328677215838821	0.00489961122650051
mcuenta_corriente_rank_tend6	0.00424814021457588	0.00655818785801718	0.00548543430792991
mrentabilidad_rank_tend6	0.00424043066276501	0.0117779102549096	0.00633754060819087
PC17	0.00423582293610227	0.00486484701159719	0.00577834584864462
PC3	0.00420598175500157	0.00243951738399404	0.00420727485753848
cliente_antiguedad_lag1	0.00419050397038936	0.00736993513157429	0.00601800074559301
PC61	0.0041839836967504	0.00663721681878852	0.00652393886137296
PC67	0.0041599712892106	0.00373971328682116	0.0062043989987751
Master_mlimitecompra_rank_tend6	0.00397207785497509	0.00504690325630605	0.00665708047078873
PC9	0.00396494510108973	0.0024007578417842	0.00487298290461735
ctrx_quarter_tend6	0.00396408041422971	0.00391247435524015	0.00497949619214997
mactivos_margen_rank_lag1	0.00393644346977555	0.00556581436687273	0.00463332800766896
ctarjeta_visa_transacciones	0.00390330978950444	0.00371755149594811	0.00276934547584811
mactivos_margen_rank_tend6	0.00386579272311061	0.00531265964174917	0.0059647441018267
PC24	0.00383717657333227	0.00283966002375515	0.0059647441018267
vm_mlimitecompra_rank_tend6	0.00378605325503708	0.00470880709787066	0.00572508920487831
PC19	0.00377248903344652	0.00671211902616605	0.00868083293390851
Visa_mfinanciacion_limite_rank_tend6	0.00374187569688735	0.00499185084163811	0.00644405389572349
mcaja_ahorro_rank_tend6	0.00372958221893563	0.00427529473893385	0.00503275283591628
mcomisiones_mantenimiento_rank_tend6	0.00372310314367036	0.00586001159628592	0.00404750492623955
PC51	0.00371053646365193	0.00794482781148686	0.00694999201150344
Master_fechaalta_lag1	0.00370510526595014	0.00281428248661391	0.00458007136390265
Visa_fechaalta	0.0037027057909244	0.00306058106647721	0.00436704478883741
Visa_mconsumototal_rank_tend6	0.00366681723414805	0.00534628705616758	0.00655056718325611
mtransferencias_recibidas_rank_tend6	0.00363992244678714	0.00330400144454516	0.00468658465143527
PC11	0.00363262116895272	0.00439795041544284	0.00593811577994355
PC37	0.00361324968914919	0.00355039439168044	0.00540554934228045
PC44	0.00360152428968218	0.00663905335108164	0.005671832561112
cproductos_delta1	0.00359178553585214	0.0067606310629838	0.00122490280662513
Master_Fvencimiento	0.00355361728246811	0.00470603052236822	0.00489961122650051
mactivos_margen_rank_delta1	0.0035366555028627	0.00408332267164636	0.00551206262981307
mcomisiones_rank_tend6	0.00353450790679832	0.00619210091490885	0.0054321776641636
PC66	0.00350904689364225	0.00243573543409399	0.00450018639825318
mcuenta_corriente_rank_lag1	0.00348928541748512	0.011830563563163	0.00487298290461735
PC52	0.00347146961403685	0.00422189012201507	0.00633754060819087
PC57	0.00345235232018968	0.00345647354948883	0.00532566437663099
mcaja_ahorro_rank_lag1	0.00345063580453154	0.00529967688283124	0.00591148745806039
Visa_cconsumos_tend6	0.00344776770236462	0.00318431833710349	0.00476646961708473
PC20	0.00342391423864753	0.00255668524068645	0.00505938115779944
mrentabilidad_rank_lag1	0.00338683491645676	0.00464231083672012	0.00412738989188901
cproductos_tend6	0.00337245086759316	0.00537462264433429	0.00202375246311977
PC14	0.0033698940427479	0.00421201059454103	0.00527240773286468
mpasivos_margen_rank_tend6	0.00336717757503086	0.00350142140703417	0.00545880598604676
mcomisiones_rank	0.00334358539999509	0.0033616126640879	0.00434041646695425
foto_mes	0.00331233768498697	0.00283889419704794	0.00194386749747031
PC50	0.00326952553061506	0.00336212442506286	0.00599137242370986
PC64	0.00325150181233397	0.00478526273572536	0.00623102732065825
ccomisiones_otras_tend6	0.00323504500162279	0.0058187005082222	0.00481972626085104
PC38	0.0032222718052841	0.00254702711335052	0.00473984129520158
mcomisiones_mantenimiento_rank_delta1	0.00321592634451325	0.00599739945575491	0.00335516855727752
chomebanking_transacciones_tend6	0.00321469972486201	0.00442099417735784	0.00487298290461735
PC60	0.00321336298867975	0.00261471748344263	0.00505938115779944
mpasivos_margen_rank_lag1	0.00319015922125621	0.00269325283079131	0.00489961122650051
mprestamos_personales_rank_tend6	0.0031593341911974	0.00833067018003279	0.00205038078500293
ctrx_quarter_normalizado_tend6	0.00314923378358057	0.00256299332986715	0.00394099163870693
PC45	0.00314598283830738	0.00326222940865293	0.00492623954838366
PC27	0.00311592867294172	0.00419961218680727	0.00625765564254141
vm_mfinanciacion_limite_rank_delta1	0.00310135731734016	0.00501801598254931	0.0051392661234489
PC62	0.00309719266421097	0.00274155798551281	0.00508600947968259
PC15	0.00309450590542653	0.00422148724635393	0.00479309793896789
PC22	0.003082245246626	0.00354260909174223	0.00521915108909837
PC36	0.00307208542253167	0.00302497193934725	0.00489961122650051
rf_013_012	0.00306611971376837	0.000587556041909957	0.000319539862597859
Master_fechaalta	0.00306497931684668	0.00470563127621754	0.00394099163870693
Master_mlimitecompra_rank	0.00306490232715891	0.00275511057757307	0.00284923044149758
vm_status01	0.00305015406376442	0.00251229995726251	0.000559194759546254
PC42	0.00303920304537208	0.00274137288047931	0.00492623954838366
ccomisiones_otras	0.00302443302998027	0.00329878946752359	0.00290248708526389
PC21	0.00299299525028287	0.00242976125987567	0.00500612451403313
PC23	0.0029720839297013	0.00589759154759604	0.00476646961708473
cdescubierto_preacordado_tend6	0.00296865029706563	0.00287967174707393	0.000639079725195718
vm_Fvencimiento	0.00296634256838838	0.00301625022571018	0.00426053150130479
PC12	0.00296178048416767	0.00225922508136909	0.00418064653565532
PC65	0.00295396012499148	0.00294530418473482	0.00572508920487831
Visa_Fvencimiento	0.0029477357355477	0.00325968149230952	0.00415401821377217
PC25	0.0029380171645989	0.00525880859504372	0.00569846088299515
PC32	0.00291222491260453	0.00296778900203888	0.00519252276721521
PC31	0.00289294774321152	0.00328657979433379	0.00500612451403313
PC41	0.00289088889698271	0.00405289648545428	0.00529903605474783
PC40	0.002877627595202	0.00198200670189107	0.00481972626085104
chomebanking_transacciones_lag1	0.00287054249484851	0.00205233935559857	0.00428715982318794
PC48	0.00285176521917379	0.0044394792741342	0.00564520423922884
rf_001_008	0.00285166054072462	0.000303408926962454	0.000346168184481014
Visa_mlimitecompra_rank_delta1	0.00283420871142261	0.00282492058177423	0.0053789210203973
Visa_fechaalta_lag1	0.00281694754165599	0.00272493845711325	0.00394099163870693
PC10	0.00280522791092213	0.00270254800708118	0.00497949619214997
PC56	0.00279818617756712	0.00318660129918327	0.00577834584864462
cpayroll_trx_lag1	0.00278699853366313	0.0010941776300567	0.000612451403312563
PC63	0.00278164045390946	0.00231879260705014	0.00476646961708473
PC29	0.00276550217435585	0.0034337927386199	0.00452681472013634
Master_mlimitecompra_rank_delta1	0.00275901571516394	0.0034404238542316	0.00516589444533206
mttarjeta_visa_debitos_automaticos_rank_tend6	0.0027550937843151	0.00419755062486559	0.00276934547584811
PC35	0.00274023680141152	0.0030323471046034	0.00473984129520158
Visa_mlimitecompra_rank	0.00269684539184615	0.00154933275987068	0.00290248708526389
vm_mfinanciacion_limite_rank_tend6	0.00269331069308148	0.00254974198717513	0.00434041646695425
PC58	0.00268923554324144	0.00256008609198813	0.00463332800766896
PC47	0.00267051333377052	0.0034616020477698	0.00529903605474783
vm_Fvencimiento_lag1	0.00266370054127286	0.00294015753890155	0.003781221707408
PC39	0.0026500157089714	0.00233438861349978	0.00434041646695425
PC55	0.00264984786817561	0.0023974695053068	0.00521915108909837
PC7	0.00258615754341462	0.00241615059564804	0.0048463545827342
Visa_mfinanciacion_limite_rank_delta1	0.00258009841472197	0.0028968357020426	0.00497949619214997
Visa_msaldototal_rank_tend6	0.00254483775449199	0.0024638677696749	0.00335516855727752
vm_mconsumototal_rank_tend6	0.00252543149006297	0.00216284706059558	0.00290248708526389
PC49	0.00249367818287086	0.00318789703441774	0.00519252276721521
PC54	0.00248165240531683	0.00266004643958635	0.00492623954838366
rf_018_008	0.00247481903912191	0.00163405279304441	0.000639079725195718
vm_fechaalta	0.00247345436033272	0.00631346085618337	0.00394099163870693
rf_005_003	0.00244287484146863	0.000192451162668307	5.32566437663099e-05
vmr_msaldototal_tend6	0.00240420178294018	0.00352689694095785	0.0027160888320818
PC33	0.0023988733802982	0.00251710905862295	0.0043137881450711
ctrx_quarter_delta1	0.00237913538034305	0.00218860569633519	0.00303562869467966
mcaja_ahorro_rank_delta1	0.00236425047326162	0.00403523891706296	0.00354156681045961
mcuentas_saldo_rank_lag1	0.00234477437759689	0.00262680375327677	0.003781221707408
vm_mlimitecompra_rank_delta1	0.00233119299601297	0.00276572326616017	0.00420727485753848
Master_mfinanciacion_limite_rank_delta1	0.00230345478979798	0.00241611430054343	0.00463332800766896
rf_009_013	0.00228706548940861	0.0014390065303967	0.000878734622144112
mrentabilidad_rank_delta1	0.00227955771757424	0.00256528355096785	0.00410076157000586
PC5	0.00221907310469807	0.00239958550990539	0.00481972626085104
PC53	0.00221342369590019	0.00290994549382666	0.00439367311072056
Visa_mlimitecompra_rank_lag1	0.00219761768654461	0.00210584196929979	0.00290248708526389
PC18	0.00219477987582027	0.00196970266142928	0.00402087660435639
Master_mlimitecompra_rank_lag1	0.00216971503166064	0.00199676792093474	0.00340842520104383
cproductos_lag1	0.00213976746103895	0.00643193533664163	0.00396761996059008
PC34	0.00213960155260385	0.00223979268236248	0.00410076157000586
mcomisiones_mantenimiento_rank_lag1	0.00211976801073222	0.00192104181468264	0.00252969057889972
chomebanking_transacciones_delta1	0.0021043464726394	0.0028721477718889	0.00300900037279651
mpasivos_margen_rank_delta1	0.00210158680293752	0.00326536893520144	0.00364808009799223
mcomisiones_rank_delta1	0.00209705087762797	0.00454723943971247	0.00359482345422591
Master_mfinanciacion_limite_rank	0.00207962877224248	0.00137320713525462	0.00279597379773127
mcuenta_corriente_rank_delta1	0.00204065444002491	0.00738324817594415	0.00380785002929115
vm_status01_tend6	0.00203736638179033	0.00133737660798656	0.000319539862597859
Visa_Fvencimiento_lag1	0.0020364702337701	0.00204391526181927	0.00364808009799223
Visa_mfinanciacion_limite_rank	0.0019945507319881	0.00284744532369335	0.00247643393513341
PC28	0.00199314440814311	0.00299172199401675	0.00418064653565532
mtransferencias_recibidas_rank_lag1	0.00199309828958139	0.00400801395909723	0.00370133674175853
Visa_mconsumototal_rank_lag1	0.00199044662066223	0.00146749818751321	0.00316877030409544
PC59	0.00196147132035533	0.00207282794214923	0.00362145177610907
Visa_cconsumos_lag1	0.00195253665525808	0.00151170199541411	0.00255631890078287
PC26	0.00191089192588174	0.00199121839944033	0.00388773499494062
vm_msaldototal_rank_tend6	0.00190995859395461	0.00388179773282629	0.00356819513234276
vmr_mpagominimo_lag1	0.00190316706897299	0.00225179910296649	0.00268946051019865
Visa_mconsumototal_rank	0.00188401519119941	0.00197843889310819	0.00354156681045961
Master_mfinanciacion_limite_rank_lag1	0.00184193211739071	0.00136998412996551	0.00268946051019865
vmr_Master_mlimitecompra_tend6	0.00183241425828753	0.00494238424356919	0.00215689407253555
chomebanking_transacciones	0.00181386975279387	0.00159573968062123	0.00316877030409544
vm_cconsumos_tend6	0.00181072978197268	0.00150422520386507	0.00194386749747031
ccallcenter_transacciones	0.00180587279236672	0.00461843228739916	0.00114501784097566
ctarjeta_visa_transacciones_tend6	0.00180288380987814	0.00266126595510114	0.00223677903818501
rf_009_007	0.00179478346620091	0.000427106272973667	0.00114501784097566
Visa_mfinanciacion_limite_rank_lag1	0.00179393576942086	0.00168031453337652	0.00260957554454918
mpayroll_sobre_edad_rank_tend6	0.00178623887699019	0.0025877320731673	0.0015976993129893
Visa_mpagominimo_rank_tend6	0.00169431680022583	0.00403696656404226	0.00274271715396496
Visa_status_tend6	0.00166917041883083	0.00225538505930166	0.000346168184481014
Visa_msaldototal_rank	0.0016563085987637	0.0034183963552456	0.00308888533844597
vm_fechaalta_lag1	0.00164115110798829	0.00177544763206201	0.00255631890078287
vmr_mpagominimo_tend6	0.00163606214055937	0.0017188308983855	0.0021835223944187
Visa_mpagominimo_rank_lag1	0.0016318890848417	0.00129790205221595	0.00247643393513341
ccomisiones_otras_lag1	0.00162386427484082	0.00120316457017069	0.00229003568195132
thomebanking_tend6	0.00161166395187529	0.00381882935584356	0.00229003568195132
Master_fultimo_cierre	0.00160081883746223	0.00185544930163682	0.00263620386643234
rf_018_014	0.00157797462024438	0.000598818412869518	0.000266283218831549
vmr_msaldototal_lag1	0.00156762515764237	0.00156643501316151	0.00197049581935346
vmr_mconsumototal_lag1	0.0015467818231926	0.00116182444602328	0.00221015071630186
mrentabilidad_rank	0.00150948273870058	0.00181129267737191	0.00268946051019865
ccallcenter_transacciones_tend6	0.00150538653181246	0.00418538450580132	0.00213026575065239
Visa_mpagominimo_rank	0.0015052950551914	0.00229562907128994	0.00322202694786175
vmr_Master_mlimitecompra	0.00149773503428007	0.00223524127624476	0.00191723917558715
Visa_Fvencimiento_tend6	0.0014866076726922	0.00193969023942973	0.001890610853704
vmr_mconsumototal_tend6	0.00146292887460255	0.00122771094941642	0.00215689407253555
vm_mlimitecompra_rank_lag1	0.00145756795569154	0.00252184919928462	0.001890610853704
Visa_fultimo_cierre_tend6	0.00143854473956981	0.00178566833351935	0.00231666400383448
Visa_fultimo_cierre	0.0014016302527869	0.00104881600831884	0.00191723917558715
mttarjeta_visa_debitos_automaticos_rank_lag1	0.0013906066105638	0.00133963416349311	0.00215689407253555
vm_fultimo_cierre_lag1	0.00135920404647712	0.00151344778994571	0.00229003568195132
Visa_msaldototal_rank_delta1	0.00134351704495809	0.00104993026803027	0.001890610853704
mv_status07_rank_tend6	0.00134149565077061	0.00790080910861945	0.0021835223944187
vm_fultimo_cierre	0.00133155093230843	0.00142754090685134	0.00250306225701656
Visa_msaldototal_rank_lag1	0.00132919444719188	0.00201846513446883	0.00207700910688608
Master_fultimo_cierre_tend6	0.00131953609918235	0.00720095601305535	0.00239654896948394
mttarjeta_visa_debitos_automaticos_rank_delta1	0.00131771435792263	0.00268828766048107	0.00151781434733983
mprestamos_personales_rank_delta1	0.00128539911743773	0.00568621248787517	0.00149118602545668
vm_msaldototal_rank_lag1	0.0012817269952998	0.00204399511104941	0.00194386749747031
mtransferencias_recibidas_rank_delta1	0.00125440482703503	0.00204542876768139	0.00229003568195132
mpayroll_rank_lag1	0.00124017062361432	0.00108213128483763	0.00130478777227459
Master_fultimo_cierre_lag1	0.00123631615443473	0.00130922975436381	0.00197049581935346
cprestamos_personales_tend6	0.00122624529028239	0.00281982837859787	0.000718964690845183
mttarjeta_visa_debitos_automaticos_rank	0.00121975774201889	0.0013811884287577	0.00194386749747031
Visa_mpagominimo_rank_delta1	0.00121878851086506	0.00120267095674803	0.001890610853704
cprestamos_personales_lag1	0.00121421970874877	0.00914192384016725	0.00154444266922299
vm_mfinanciacion_limite_rank_lag1	0.00120907322132067	0.00158785275439012	0.00178409756617138
Visa_mconsumototal_rank_delta1	0.00120837195801298	0.000965264677513459	0.00260957554454918
Visa_cconsumos	0.00120705430934458	0.00082372102856697	0.00199712414123662
vm_Fvencimiento_tend6	0.00119782749863468	0.00103623612506204	0.00202375246311977
Master_mconsumototal_rank_tend6	0.00119299058510836	0.00276516432154922	0.00149118602545668
kmes_lag1	0.00117642648820892	0.000930185458910766	0.00186398253182084
mtarjeta_visa_consumo_rank_tend6	0.00116731517711466	0.00144747054879106	0.00213026575065239
vm_mpagominimo_rank_delta1	0.00116392743368151	0.00163702173260126	0.00149118602545668
vm_mpagominimo_rank_lag1	0.0011474702392456	0.0026049940249184	0.00213026575065239
Visa_fultimo_cierre_lag1	0.00114407791405235	0.000812044893414888	0.00178409756617138
Master_msaldototal_rank	0.00111762152213005	0.00145509977977945	0.00109176119720935
vm_mpagominimo_rank_tend6	0.00111109973999342	0.00195911900892587	0.00202375246311977
ctarjeta_visa_transacciones_lag1	0.00111019953475304	0.000739607123640181	0.00167758427863876
vm_status06_tend6	0.00110966039405015	0.00291256600037928	0.000639079725195718
vm_status02	0.00110881227383851	0.00182590871599716	0.000372796506364169
cpayroll_trx_tend6	0.00108452548118493	0.00227817112597396	0.0010651328753262
vmr_Visa_mlimitecompra	0.001079070245579	0.0010192826817001	0.00165095595675561
Visa_cconsumos_delta1	0.00107427197903385	0.000889810784545908	0.00151781434733983
internet_lag1	0.0010526127938518	0.00310115173440694	0.000745593012728338
cliente_edad_tend6	0.00104761146934333	0.00144704226655669	0.00191723917558715
mpayroll_rank_delta1	0.00101584539406059	0.00389464619985718	0.00103850455344304
Visa_fechaalta_tend6	0.00101132187020881	0.00457100184469869	0.00141130105980721
rf_006_014	0.0010043759186951	0.000275222148724635	0.000133141609415775
Master_fechaalta_tend6	0.00100404992042743	0.000530064596212424	0.00133141609415775
ccomisiones_mantenimiento_delta1	0.000999876808099417	0.00422995489425875	0.000878734622144112
vmr_Visa_mlimitecompra_tend6	0.00099712085590797	0.00246260107052411	0.0015976993129893
rf_013_014	0.000989952825068669	0.00134467918303349	0.000319539862597859
ctrx_quarter_normalizado_delta1	0.00098521041086003	0.00118766293099303	0.001890610853704
ctarjeta_visa_transacciones_delta1	0.000983896239090687	0.00432460526805296	0.00143792938169037
Master_msaldototal_rank_tend6	0.000969686692614386	0.00168989644099278	0.00133141609415775
vm_fultimo_cierre_tend6	0.000931405272739106	0.00114176051219652	0.00138467273792406
rf_015_013	0.000907832843412092	0.000483577826231742	0.000399424828247324
thomebanking	0.000902755197841215	0.000419876288135947	0.000878734622144112
vm_fechaalta_tend6	0.000892412446672942	0.00148550781841922	0.00117164616285882
ccallcenter_transacciones_delta1	0.000889507573202341	0.00119776748811562	0.000532566437663099
rf_006_003	0.00088768883968424	0.000288832812952271	0.00015976993129893
mtarjeta_visa_consumo_rank_delta1	0.00088713293999564	0.000948369306318887	0.00127815945039144
cprestamos_personales_delta1	0.000878533674390751	0.00624981376074449	0.000931991265910422
vmr_Master_mlimitecompra_lag1	0.000874324213399992	0.00221374731529648	0.00130478777227459
Master_mpagominimo_rank	0.000871335059833355	0.00234969788862303	0.000985247909676732
mpayroll_rank_tend6	0.000845026110145915	0.000874501509422663	0.000852106300260958
mtarjeta_master_consumo_rank	0.000826080791986916	0.00104914629377076	0.000639079725195718
vm_cconsumos_lag1	0.000813098521239833	0.00091130837500465	0.00125153112850828
vm_cconsumos_delta1	0.000807440290949415	0.00181473345328865	0.000772221334611493
vmr_Visa_mlimitecompra_lag1	0.000806841104353421	0.00149376495471732	0.00122490280662513
Master_Fvencimiento_tend6	0.000798304681882155	0.000788300635980971	0.0013580444160409
vm_msaldototal_rank_delta1	0.000795854273923124	0.00137138512100334	0.0010651328753262
Master_cconsumos_tend6	0.000785127587169571	0.00125067849161175	0.00130478777227459
rf_016_012	0.000776552373614678	0.000137917767996247	0.00010651328753262
vm_mconsumototal_rank_lag1	0.00076144782121631	0.000594005681998626	0.00133141609415775
ctarjeta_master_transacciones_tend6	0.000756800050791805	0.00126360680787277	0.000745593012728338
rf_016_000	0.000751173492658055	0.000375676109745508	0.000372796506364169
Master_mpagominimo_rank_tend6	0.000731235869144578	0.00193199204774258	0.000958619587793577
cdescubierto_preacordado_delta1	0.00071276839172806	0.00945736459430693	0.00119827448474197
Master_msaldototal_rank_delta1	0.000698485156746821	0.000778246892004824	0.000931991265910422
rf_014_014	0.000692816882977937	0.000160867162639271	0.000186398253182084
mtarjeta_visa_consumo_rank_lag1	0.000668950058090717	0.000972850354376328	0.00170421260052192
rf_007_006	0.000663863966819039	0.000219690638675882	5.32566437663099e-05
mpayroll_sobre_edad_rank_delta1	0.000633515949359481	0.0017776834105058	0.000878734622144112
rf_018_003	0.00062620802315788	0.000946238783678455	0.000452681472013634
rf_002_014	0.000598356154829266	0.00156056972425702	0.000319539862597859
thomebanking_delta1	0.000566905988810341	0.00286949459974212	0.000798849656494648
rf_020_013	0.000565668832217657	0.000448317132106014	0.000213026575065239
vmr_mconsumototal_delta1	0.000561251489374059	0.00128631665482539	0.000958619587793577
mv_status07_rank_delta1	0.00055690062345194	0.0042409777175279	0.00138467273792406
vmr_msaldototal_delta1	0.000553476162263551	0.000984435751766891	0.00103850455344304
Master_status	0.00054958188692408	0.00408583429288516	0.000559194759546254
vmr_mpagominimo_delta1	0.000545544594234998	0.00279777184352817	0.00127815945039144
mtarjeta_master_consumo_rank_delta1	0.000542807788247166	0.00141858327503432	0.000612451403312563
Master_mpagominimo_rank_lag1	0.000538180743139859	0.000834627707501381	0.000772221334611493
vm_status05_tend6	0.000511426249928174	0.000702488120158573	0.000266283218831549
Master_mconsumototal_rank	0.000487350517347256	0.000495123299007238	0.000825477978377803
vm_mconsumototal_rank_delta1	0.00046991971249088	0.000550121271018268	0.00111838951909251
ccomisiones_otras_delta1	0.000446062685815388	0.00161573465374924	0.000958619587793577
Visa_fultimo_cierre_delta1	0.000444574405621496	0.000331181941007752	0.000745593012728338
mv_status07_rank_lag1	0.000434667328066453	0.0064286506296747	0.00146455770357352
ccomisiones_mantenimiento_lag1	0.000412255943123182	0.00361694146597742	0.000745593012728338
Master_fultimo_cierre_delta1	0.000408222099708512	0.000361854933911151	0.000878734622144112
mtarjeta_master_consumo_rank_tend6	0.000402496701918564	0.00175544539991307	0.000852106300260958
cdescubierto_preacordado_lag1	0.000400136560741796	0.0013511070460594	0.000452681472013634
ctarjeta_master_transacciones	0.000391426541074444	0.00169176200936958	0.000292911540714704
kmes_tend6	0.000388679186720926	0.000935223219430221	0.000532566437663099
rf_003_000	0.000367998499568072	0.000637998978292805	0.000372796506364169
Master_msaldototal_rank_lag1	0.000367353484455686	0.000184945335035574	0.000505938115779944
vm_fultimo_cierre_delta1	0.000343439073593908	0.00034191440344005	0.000639079725195718
vm_status02_tend6	0.00034181300294193	0.000592826091098898	0.000426053150130479
rf_009_012	0.000328781117359386	0.00032089590836212	0.000372796506364169
Master_mpagominimo_rank_delta1	0.000328112285956053	0.000575299185084164	0.000532566437663099
internet_delta1	0.000320749832270282	0.00190867607254303	0.000532566437663099
mpayroll_sobre_edad_rank_lag1	0.00029855660173752	0.000580376870218687	0.000985247909676732
rf_009_009	0.000297786305523984	0.00176661340360066	0.000346168184481014
rf_015_008	0.000291992210785761	0.000292219146212107	0.000186398253182084
rf_003_015	0.000282093392450403	5.95493781287514e-05	0.00010651328753262
rf_011_008	0.000281469115438328	0.00237718780085239	0.000426053150130479
rf_014_000	0.000273214396437378	0.000215197304725532	0.000426053150130479
rf_015_000	0.000270121349217457	0.000543370381561361	0.000319539862597859
mtarjeta_master_consumo_rank_lag1	0.000265824439841859	0.000219255097420598	0.000372796506364169
Master_mconsumototal_rank_delta1	0.000256375242207438	0.000329258300463579	0.000452681472013634
Master_cconsumos_lag1	0.000232455515963759	0.000600419026982688	0.000426053150130479
rf_003_001	0.000225053535691407	0.000253053098830662	0.00015976993129893
rf_004_003	0.000221983433177757	1.20245681563085e-05	5.32566437663099e-05
rf_003_003	0.000218680039976332	0.000291184735730807	0.00015976993129893
Master_mconsumototal_rank_lag1	0.000209364042654155	0.000414559055311017	0.000452681472013634
rf_001_003	0.000207638362220767	0.000487236372776131	0.000133141609415775
internet	0.000203728675959701	0.000544589897076157	0.000372796506364169
rf_013_010	0.000201008237381038	0.000183453606236225	0.00010651328753262
rf_011_013	0.000195688762300288	7.83175767210458e-05	7.98849656494648e-05
Master_cconsumos	0.000194935532158214	0.000709743511569518	0.000213026575065239
rf_014_006	0.000188964098946197	0.00013772540394183	0.000186398253182084
rf_008_013	0.000186133370024245	0.000835153986518183	0.000372796506364169
rf_008_002	0.000177249756261562	0.000232633472978748	0.000186398253182084
Master_status_tend6	0.000173885708654324	0.00259579684541098	0.000372796506364169
rf_009_002	0.000167719688964539	0.000225138533877397	0.00015976993129893
Visa_Fvencimiento_delta1	0.000155698412165453	0.000108787317038646	0.000239654896948394
thomebanking_lag1	0.000152448310769189	8.74675725924777e-05	0.000372796506364169
Visa_status	0.00015216864816672	0.0013988568856804	0.000239654896948394
rf_007_002	0.000152064694369193	9.71256999284079e-05	0.00010651328753262
rf_004_008	0.000136413034346271	0.000141434763632668	7.98849656494648e-05
vm_fechaalta_delta1	0.000129584184418114	0.000114594533775771	0.000186398253182084
Master_Fvencimiento_delta1	0.000129387223654014	8.84293928645639e-05	0.000346168184481014
rf_015_002	0.000128643960114427	8.1442585227711e-05	0.00015976993129893
rf_017_009	0.000123111034536305	0.000453645253462326	0.00015976993129893
rf_019_001	0.000121612115503997	0.000607442129724148	0.000239654896948394
rf_012_004	0.00012036712982725	0.000617757198453466	0.000319539862597859
rf_007_003	0.000120266093240375	0.000218521936307536	0.000266283218831549
rf_014_004	0.000120217675350844	0.00279735807933565	0.000346168184481014
rf_016_002	0.000117980140882886	0.000234488152824167	0.00015976993129893
ccallcenter_transacciones_lag1	0.000116306709819124	0.000404461757209342	0.000186398253182084
Master_fechaalta_delta1	0.000113186972625923	5.15172714792161e-05	0.000213026575065239
rf_013_001	0.000109339156596538	0.000462258081785574	0.000186398253182084
rf_011_003	0.000107522714886953	0.000104032658335125	0.000133141609415775
rf_020_015	0.000107148638502717	0.000507496300167774	0.00010651328753262
cpayroll_trx_delta1	0.000105533280712642	0.000233047237171268	0.000186398253182084
rf_001_004	0.000105203394201213	0.000848013342080454	0.000186398253182084
rf_011_012	0.000104419762700442	1.80858506256822e-05	7.98849656494648e-05
ctarjeta_master_transacciones_lag1	0.000104319412814977	0.000115113553771651	0.000186398253182084
rf_017_014	0.0001016968529649	0.000142556282365025	0.000266283218831549
rf_017_003	0.000101288406555829	2.9362739627086e-05	5.32566437663099e-05
rf_008_000	9.95970118703692e-05	8.47526987678719e-05	0.000133141609415775
rf_019_015	9.94217589699131e-05	0.000162573032555801	0.00015976993129893
rf_001_015	9.75469286323388e-05	0.000324383867914855	0.000319539862597859
cliente_edad_delta1	9.66750276021435e-05	0.000203190884121527	0.00015976993129893
rf_003_014	9.54334845105998e-05	0.000917307955796192	0.000639079725195718
rf_015_010	9.45116381210617e-05	0.00021539329829041	0.00010651328753262
rf_005_004	9.38939705854241e-05	0.00125165482992568	0.00015976993129893
rf_012_012	9.09090695284763e-05	0.000942605643707291	0.000133141609415775
rf_010_011	8.91354385616575e-05	0.000106188587548783	0.000133141609415775
rf_010_013	8.91160483411528e-05	3.20086527529383e-05	2.66283218831549e-05
rf_011_002	8.61296481973199e-05	0.000603043163045776	0.000133141609415775
rf_002_002	8.25125250038117e-05	9.77899003427165e-05	5.32566437663099e-05
vm_status04_tend6	8.05477155623522e-05	0.000381632136411521	0.000133141609415775
rf_009_005	7.96580400198289e-05	0.000136516776958416	0.000133141609415775
rf_015_011	7.93824966352192e-05	0.0013366615944258	0.000186398253182084
vm_status03_tend6	7.90978862048955e-05	0.000740151550209287	0.000186398253182084
rf_010_001	7.68620136298926e-05	0.000239028670410507	0.00010651328753262
rf_002_010	7.00623919707064e-05	0.000952035111884197	0.000186398253182084
rf_018_012	6.99441850445202e-05	0.000117995385077449	5.32566437663099e-05
rf_003_006	6.93968635628589e-05	6.30300786605655e-05	5.32566437663099e-05
rf_012_006	6.86465814181037e-05	7.01656962263072e-05	2.66283218831549e-05
vm_Fvencimiento_delta1	6.86401915602557e-05	7.880393112278e-05	0.000133141609415775
rf_004_000	6.86265400096463e-05	0.000106754791180653	0.000133141609415775
rf_007_007	6.71685752085998e-05	0.000125755278442432	5.32566437663099e-05
rf_012_000	6.6863447101317e-05	8.29669796212061e-05	0.00015976993129893
rf_012_010	5.97691219700941e-05	9.83887695687325e-05	2.66283218831549e-05
rf_012_002	5.82740171980081e-05	6.99624436405079e-05	5.32566437663099e-05
rf_019_004	5.7356672474258e-05	0.000211444390909165	5.32566437663099e-05
rf_017_013	5.58526486959608e-05	5.89214728190499e-05	0.00010651328753262
rf_014_015	5.50419783968206e-05	3.62805865651856e-05	5.32566437663099e-05
rf_006_001	5.46231081001769e-05	0.000208050798628408	0.000186398253182084
rf_014_003	5.35233906716723e-05	0.00029967416069839	7.98849656494648e-05
rf_005_006	5.32160546823088e-05	0.000101190751644395	5.32566437663099e-05
rf_008_004	5.32008589507106e-05	7.61906835910739e-05	0.00010651328753262
rf_013_013	5.3142628584231e-05	0.000332096577643849	7.98849656494648e-05
rf_013_015	5.28132855507885e-05	0.000658788814211711	7.98849656494648e-05
rf_008_005	5.27532861081607e-05	5.3386469366478e-05	5.32566437663099e-05
rf_001_000	5.1600733609471e-05	0.000147779147917977	0.00010651328753262
rf_002_009	4.94439259048731e-05	9.02005939693869e-05	5.32566437663099e-05
rf_011_000	4.92298454563928e-05	0.000340959842188885	0.000133141609415775
rf_003_012	4.86045075305532e-05	6.45762501168249e-05	5.32566437663099e-05
rf_014_002	4.82976683707334e-05	0.000168173367196666	0.00010651328753262
rf_019_002	4.81906358101544e-05	0.000157633268818785	0.00010651328753262
rf_004_012	4.61371459413301e-05	1.35743691230286e-05	5.32566437663099e-05
rf_012_001	4.47089214158891e-05	7.518893870392e-05	0.00010651328753262
rf_009_004	4.39196356840411e-05	0.000109622104444608	7.98849656494648e-05
rf_011_006	4.29592394092795e-05	0.000137747181004594	2.66283218831549e-05
rf_005_001	4.21294652852001e-05	9.70059260832047e-05	0.00010651328753262
ctarjeta_master_transacciones_delta1	3.97491616702042e-05	4.17212227457791e-05	0.00010651328753262
rf_010_006	3.88852135988624e-05	0.000144577919691637	7.98849656494648e-05
rf_019_014	3.8606237267902e-05	0.000216307934926507	7.98849656494648e-05
rf_003_004	3.81338215316729e-05	1.42022744327302e-05	2.66283218831549e-05
vmr_Visa_mlimitecompra_delta1	3.80194647540728e-05	5.70776815050128e-05	5.32566437663099e-05
rf_013_002	3.80053771662621e-05	6.34946559995354e-05	5.32566437663099e-05
Visa_fechaalta_delta1	3.76901663941672e-05	3.34132733012303e-05	0.00010651328753262
rf_001_012	3.66908356366901e-05	0.000264438873145887	7.98849656494648e-05
vmr_Master_mlimitecompra_delta1	3.65418185497236e-05	9.45705245640731e-05	0.000133141609415775
rf_005_012	3.6504788668459e-05	0.000238349951954355	0.000133141609415775
ctarjeta_master_tend6	3.4707087232465e-05	0.000686674343081291	0.000133141609415775
rf_001_001	3.34708138299973e-05	0.000247634239712833	7.98849656494648e-05
rf_011_007	3.25601492018959e-05	4.91943847843663e-05	2.66283218831549e-05
rf_015_003	3.13172753310879e-05	3.47271560880047e-05	2.66283218831549e-05
rf_020_000	3.10690145801142e-05	1.96864647388522e-05	2.66283218831549e-05
rf_002_012	3.06485228567423e-05	0.000116598023550079	7.98849656494648e-05
rf_004_009	3.06132323530794e-05	0.000155056316391686	7.98849656494648e-05
rf_015_004	3.05958750952044e-05	0.000221668721876965	7.98849656494648e-05
rf_003_002	2.9136784296727e-05	4.64432158551535e-05	5.32566437663099e-05
rf_007_004	2.77306004240196e-05	0.000298951888116711	0.00010651328753262
rf_004_002	2.72640516876847e-05	0.000222579729002601	7.98849656494648e-05
rf_019_000	2.71641164249898e-05	0.000210199468821144	0.00010651328753262
rf_008_007	2.68543650739392e-05	0.00018281118288468	5.32566437663099e-05
rf_020_004	2.65674734894576e-05	0.000206693361716105	0.00010651328753262
rf_008_010	2.65588251413275e-05	4.58624941814411e-05	2.66283218831549e-05
rf_011_010	2.63093454943964e-05	0.000275487102988267	5.32566437663099e-05
rf_004_006	2.23319653668622e-05	0.000116416548027043	5.32566437663099e-05
ctarjeta_visa_tend6	2.14789176385125e-05	0.000151179999219655	5.32566437663099e-05
rf_017_010	2.05135213856169e-05	0.000197866392275676	5.32566437663099e-05
rf_018_009	1.94268501252218e-05	5.19237766508148e-05	2.66283218831549e-05
Master_cconsumos_delta1	1.89780431611342e-05	0.000120365455408288	0.00010651328753262
rf_019_012	1.88156952061993e-05	0.000198726586254862	2.66283218831549e-05
rf_020_009	1.72921118254088e-05	3.04552222757575e-05	5.32566437663099e-05
rf_012_003	1.69609041624639e-05	0.000267153746970493	5.32566437663099e-05
rf_004_014	1.6474967111135e-05	3.759446935196e-05	5.32566437663099e-05
rf_014_007	1.64309786308204e-05	0.000242581961151535	5.32566437663099e-05
rf_004_001	1.57803590345749e-05	1.92835890777142e-05	2.66283218831549e-05
rf_005_000	1.55699530312305e-05	3.39939949749428e-05	2.66283218831549e-05
rf_011_009	1.49507052860508e-05	0.000158301098743554	2.66283218831549e-05
rf_005_009	1.45135087456952e-05	0.000173062317787233	2.66283218831549e-05
rf_002_015	1.40574379163971e-05	9.02659251576795e-05	2.66283218831549e-05
rf_010_008	1.35678667943424e-05	1.15091776708887e-05	2.66283218831549e-05
rf_013_006	1.33667655971256e-05	0.000255205398533859	5.32566437663099e-05
rf_020_006	1.26398557496426e-05	0.000102900251071386	5.32566437663099e-05
rf_018_010	1.18300034061395e-05	0.000184179508328365	2.66283218831549e-05
rf_018_001	1.03927481305935e-05	1.61295444873634e-05	5.32566437663099e-05
rf_016_014	1.02238062022593e-05	5.95312305764479e-05	2.66283218831549e-05
rf_012_011	1.01720865832092e-05	0.000558821207592573	7.98849656494648e-05
rf_002_004	9.51202928173689e-06	6.40027874640338e-05	2.66283218831549e-05
rf_011_011	9.44152060860977e-06	8.69122574919901e-05	2.66283218831549e-05
rf_018_015	8.95601533916427e-06	2.0336147111318e-05	2.66283218831549e-05
rf_001_007	8.84199052893432e-06	9.61094369994111e-06	2.66283218831549e-05
rf_019_008	8.553543034324e-06	2.3584558973647e-05	2.66283218831549e-05
rf_013_004	7.75058050909865e-06	2.60453670660036e-05	2.66283218831549e-05
vm_status01_delta1	7.66125736096971e-06	9.37429961790329e-05	2.66283218831549e-05
rf_017_005	7.44408266257711e-06	7.30257504693411e-05	5.32566437663099e-05
rf_014_011	7.30044621340079e-06	3.14932622675185e-05	2.66283218831549e-05
rf_014_001	7.27238001714351e-06	2.35228572958151e-05	2.66283218831549e-05
rf_020_002	7.24627796115924e-06	4.83523383574832e-05	2.66283218831549e-05
rf_009_001	6.95904768023923e-06	3.59757076864865e-05	2.66283218831549e-05
rf_007_005	6.63349535527941e-06	9.56230825976769e-05	2.66283218831549e-05
rf_010_000	5.8891546040071e-06	2.29058405174956e-05	2.66283218831549e-05
rf_018_005	5.83472616112414e-06	2.63756525179275e-05	2.66283218831549e-05
Master_status_lag1	5.29290326286693e-06	0.000417364666897141	5.32566437663099e-05
rf_006_004	4.01274979285188e-06	0.000113538346231706	2.66283218831549e-05
rf_001_002	3.87739346223411e-06	3.12827506607977e-05	2.66283218831549e-05
rf_004_007	3.6540227872742e-06	8.31774912279269e-05	2.66283218831549e-05
rf_009_010	3.64081015704848e-06	3.42952443431811e-05	7.98849656494648e-05
rf_004_013	3.46720029917949e-06	1.98098680945161e-05	2.66283218831549e-05
rf_019_006	3.26775108823346e-06	8.70175132953505e-05	2.66283218831549e-05
rf_020_003	3.0813736532402e-06	4.24543838588411e-05	2.66283218831549e-05
rf_019_013	2.47307765365774e-06	2.81250765599863e-05	2.66283218831549e-05
rf_005_014	1.75995398488004e-06	0.00019195029022473	2.66283218831549e-05
rf_011_014	5.26783570767643e-07	1.4779366595982e-05	2.66283218831549e-05
rf_004_015	1.41665000506116e-08	3.8864798013206e-05	0.00015976993129893
vm_status02_delta1	6.2184801751669e-09	7.29132356450593e-05	7.98849656494648e-05
rf_004_005	1.58754390525165e-09	4.48970443988941e-05	2.66283218831549e-05
vm_status02_lag1	1.28804232728139e-09	5.19165176298934e-05	5.32566437663099e-05
rf_009_006	7.08079054709553e-10	4.31875449719031e-05	2.66283218831549e-05
